884         
-9.4059        147.1590       -0.065         
1
2	1	pickPMG.s.M
-23.6822       133.8970       -0.6           
1
2	1	pickASP.s.M
-13.9568       143.1750       -0.285         
1
2	1	pickCOEN.s.M
-0.8688        131.2660       -0.193         
1
2	1	pickSIJI.s.M
22.3018        114.1740       -0.027         
1
2	1	pickHKC.s.M
23.5667        119.5550       -0.011         
1
1	1	pickPNG.s.C
6.0442         116.2150       -0.83          
1
1	1	pickKKM.s.C
-8.3703        114.6200       -0.0           
1
2	1	pickNBBI.s.M
-7.5550        107.8150       -0.544         
1
2	1	pickCISI.s.M
-0.8688        131.2660       -0.193         
1
1	1	pickSIJI.s.C
-8.6359        122.2380       -0.137         
1
2	1	pickMMRI.s.M
19.0293        109.8430       -0.23          
1
2	1	pickQIZ.s.M
-23.6642       133.9050       -0.627         
1
1	1	pickAS31.s.C
11.0512        124.6090       -0.13          
1
2	1	pickOCLP.s.M
21.9431        120.8050       -0.09          
1
2	1	pickTWK1.s.M
23.9766        121.6050       -0.016         
1
2	1	pickHWA.s.M
1.3037         97.5760        -0.107         
1
2	1	pickGSI.s.M
-12.7114       132.4400       -0.1           
1
2	1	pickKAKA.s.M
-4.3067        152.0260       -0.105         
1
2	1	pickKRVT.s.M
-15.7493       128.7670       -0.06          
1
2	1	pickKNA.s.M
-23.6662       133.9040       -0.607         
1
2	1	pickASAR.s.M
2.8007         98.9240        -0.987         
1
2	1	pickPSI.s.M
5.4966         95.2960        -0.192         
1
2	1	pickBSI.s.M
-20.0878       146.2540       -0.357         
1
2	1	pickCTA.s.M
-5.2177        119.4700       -0.028         
1
1	1	pickMKS.s.C
-12.8432       131.1330       -0.137         
1
2	1	pickMTN.s.M
22.1290        82.1320        -0.398         
1
1	1	pickBLSP.s.C
23.7938        85.8860        -0.282         
1
2	1	pickBOK.s.M
-8.6772        115.2100       -0.015         
1
1	1	pickDNP.s.C
7.2208         124.2460       -0.05          
1
2	1	pickCTBH.s.M
10.3166        123.9660       -0.135         
1
2	1	pickLLP.s.M
11.6559        92.7430        -0.017         
1
2	1	pickPBA.s.M
-12.4075       130.8180       -0.006         
1
2	1	pickDAR.s.M
23.3517        121.2970       -0.26          
1
2	1	pickTWF1.s.M
11.6006        125.4380       -0.048         
1
2	1	pickBESP.s.M
13.5886        144.8690       -0.099         
1
2	1	pickGUMO.s.M
22.0054        120.7380       -0.022         
1
2	1	pickHEN.s.M
14.6600        121.0780       -0.07          
1
2	1	pickMAN.s.M
14.1017        120.9370       -0.6           
1
1	1	pickTGY.s.C
23.5667        119.5550       -0.011         
1
2	1	pickPNG.s.M
-7.7040        112.6350       -0.0           
1
2	1	pickTRT.s.M
-10.1506       123.6050       -0.0           
1
2	1	pickKUPT.s.M
9.2328         124.6720       -0.25          
1
2	1	pickVHH.s.M
8.7970         117.8010       -0.054         
1
1	1	pickBATP.s.C
18.8132        98.9440        -0.316         
1
1	1	pickCHTO.s.C
13.5393        144.9140       -0.287         
1
2	1	pickGUA.s.M
-23.6662       133.9010       -0.555         
1
2	1	pickASPA.s.M
0.3373         119.8980       -0.0           
1
2	1	pickMPSI.s.M
0.4772         121.9410       -0.0           
1
2	1	pickMRSI.s.M
-0.6383        127.5010       -0.114         
1
2	1	pickLBMI.s.M
-12.8432       131.1330       -0.137         
1
1	1	pickMTN.s.C
-0.8628        131.2600       -0.0           
1
1	1	pickSWI.s.C
14.7273        121.9390       -0.032         
1
2	1	pickPOLP.s.M
-8.0844        115.2130       -0.0           
1
2	1	pickSRBI.s.M
-4.1930        152.1630       -0.185         
1
2	1	pickRAB.s.M
3.5497         98.6830        -0.032         
1
2	1	pickMED.s.M
-3.3464        128.9280       -0.082         
1
2	1	pickMSAI.s.M
17.9224        120.4580       -0.056         
1
1	1	pickSIPP.s.C
-19.9421       134.3390       -0.419         
1
2	1	pickWRA.s.M
7.0699         125.5790       -0.146         
1
2	1	pickDAV.s.M
11.1649        124.9790       -0.133         
1
2	1	pickPLP.s.M
-8.4699        114.1520       -0.171         
1
2	1	pickJAGI.s.M
9.3424         123.2360       -0.52          
1
2	1	pickSNPH.s.M
17.8610        121.2430       -0.05          
1
2	1	pickAPYP.s.M
-20.5572       139.6050       -0.45          
1
2	1	pickQIS.s.M
12.5101        124.6630       -0.0           
1
2	1	pickCNP.s.M
22.3822        120.8480       -0.445         
1
2	1	pickEAST.s.M
-6.6652        147.0020       -0.072         
1
1	1	pickLAT.s.C
6.0442         116.2150       -0.83          
1
2	1	pickKKM.s.M
-5.0144        119.7520       -0.03          
1
1	1	pickKAPI.s.C
-7.7835        108.4490       -0.0           
1
2	1	pickCMJI.s.M
-20.7140       139.5530       -0.5           
1
2	1	pickISQ.s.M
1.4437         124.8400       -0.191         
1
2	1	pickMNI.s.M
-9.4059        147.1590       -0.065         
1
1	1	pickPMG.s.C
9.3424         123.2360       -0.52          
1
1	1	pickSNPH.s.C
23.3457        120.2110       -0.006         
1
2	1	pickCHN8.s.M
-20.0878       146.2540       -0.357         
1
1	1	pickCTA.s.C
6.0864         124.9490       -1.05          
1
2	1	pickGSPH.s.M
22.8203        121.0720       -0.195         
1
2	1	pickTWG.s.M
-19.9330       134.3500       -0.366         
1
2	1	pickWRAB.s.M
13.5393        144.9140       -0.287         
1
1	1	pickGUA.s.C
22.7529        121.1470       -0.009         
1
2	1	pickTTN.s.M
18.8132        98.9440        -0.416         
1
2	1	pickCHG.s.M
-18.0973       125.6400       -0.117         
1
2	1	pickFITZ.s.M
-19.9421       134.3510       -0.388         
1
2	1	pickWB2.s.M
-20.0878       146.2540       -0.357         
1
1	1	pickCTAO.s.C
19.0293        109.8430       -0.23          
1
1	1	pickQIZ.s.C
12.2093        109.2120       -0.005         
1
2	1	pickNHA.s.M
13.9045        122.4460       -0.05          
1
2	1	pickGQP.s.M
8.9691         125.6210       -0.068         
1
2	1	pickBUTP.s.M
-2.5148        140.7050       -0.4           
1
2	1	pickJAY.s.M
23.0865        113.3440       -0.011         
1
2	1	pickGZH.s.M
13.1772        92.9300        -0.03          
1
2	1	pickDGPR.s.M
6.9460         126.2570       -0.12          
1
2	1	pickMATI.s.M
7.0829         125.5080       -0.15          
1
2	1	pickDMPH.s.M
-0.9051        119.8370       -0.15          
1
1	1	pickPCI.s.C
11.5593        122.7450       -0.14          
1
2	1	pickRCP.s.M
-2.0497        125.9880       -0.03          
1
2	1	pickSANI.s.M
7.8489         126.1870       -0.433         
1
2	1	pickPPH.s.M
7.7875         122.5710       -0.05          
1
2	1	pickIPIL.s.M
-10.4806       105.6520       -0.244         
1
2	1	pickXMIS.s.M
-4.5221        129.9040       -0.016         
1
1	1	pickBNDI.s.C
6.5193         124.5430       -0.1           
1
2	1	pickSKMP.s.M
1.7900         103.8500       -0.0           
1
1	1	pickMYKOM.s.C
6.1046         125.7110       -0.1           
1
2	1	pickDDMP.s.M
7.1765         100.6170       -0.004         
1
2	1	pickSNG.s.M
-3.6866        128.1950       -0.08          
1
2	1	pickAAI.s.M
7.8791         125.0620       -0.471         
1
2	1	pickBUKP.s.M
22.3500        120.3790       -0.014         
1
1	1	pickWLCH.s.C
22.5389        88.3310        -0.006         
1
2	1	pickCAL.s.M
-5.0144        119.7520       -0.03          
1
2	1	pickKAPI.s.M
10.1334        124.8590       -0.05          
1
2	1	pickMSLP.s.M
7.1765         100.6170       -0.004         
1
1	1	pickSNG.s.C
-2.5923        140.1680       -0.047         
1
1	1	pickGENI.s.C
-9.6685        120.2980       -0.048         
1
2	1	pickWSI.s.M
14.1017        120.9370       -0.6           
1
2	1	pickTGY.s.M
5.2902         100.6500       -0.074         
1
2	1	pickKULM.s.M
8.1841         126.3610       -0.044         
1
2	1	pickBIPH.s.M
17.7203        83.3290        -0.082         
1
2	1	pickVIS.s.M
13.5886        144.8680       -0.199         
1
2	1	pickPJG.s.M
-12.7114       132.4400       -0.1           
1
1	1	pickKAKA.s.C
5.2288         96.9470        -0.003         
1
2	1	pickLHMI.s.M
-7.9123        110.5230       -0.35          
1
2	1	pickUGM.s.M
-3.4360        119.3830       -0.23          
1
2	1	pickTANI.s.M
-5.2177        119.4700       -0.028         
1
2	1	pickMKS.s.M
-8.1941        111.1770       -0.0           
1
2	1	pickPCJI.s.M
-0.4571        100.3970       -0.0           
1
1	1	pickPPI.s.C
17.7203        83.3290        -0.082         
1
1	1	pickVIS.s.C
23.1629        120.7570       -0.64          
1
2	1	pickSTYT.s.M
-22.5440       115.5000       -0.08          
1
2	1	pickNAU.s.M
-3.0454        119.8190       -0.0           
1
2	1	pickTTSI.s.M
-19.9421       134.3390       -0.419         
1
1	1	pickWRA.s.C
8.2243         126.2500       -0.2           
1
2	1	pickBIP.s.M
9.6907         123.8620       -0.12          
1
1	1	pickTBP.s.C
-23.6642       133.9050       -0.627         
1
2	1	pickAS31.s.M
-7.0497        113.9670       -0.0           
1
2	1	pickKMMI.s.M
-19.9461       134.3620       -0.385         
1
2	1	pickWR2.s.M
3.6856         125.5290       -0.1           
1
2	1	pickSGSI.s.M
-3.9574        122.6190       -0.055         
1
2	1	pickKDI.s.M
13.5011        120.9530       -0.375         
1
1	1	pickPGP.s.C
-9.7551        124.2670       -1.047         
1
2	1	pickSOEI.s.M
-23.6662       133.9040       -0.607         
1
1	1	pickASAR.s.C
17.2487        81.6240        -0.04          
1
2	1	pickPVM.s.M
-8.3642        115.6080       -0.0           
1
2	1	pickKHKI.s.M
6.1046         125.7110       -0.1           
1
1	1	pickDDMP.s.C
17.0627        122.4250       -0.05          
1
2	1	pickPALP.s.M
14.6368        121.0770       -0.058         
1
2	1	pickQCP.s.M
-9.6403        119.3910       -0.457         
1
2	1	pickWBSI.s.M
-2.7564        107.6530       -0.025         
1
2	1	pickTPI.s.M
-20.0878       146.2540       -0.357         
1
2	1	pickCTAO.s.M
-19.8777       134.3660       -0.371         
1
2	1	pickWB5.s.M
21.9401        120.8120       -0.09          
1
1	1	pickTWKBT.s.C
-8.8181        115.1460       -0.0           
1
2	1	pickIGBI.s.M
-2.7625        100.0100       -0.0           
1
2	1	pickPPSI.s.M
1.4729         110.3080       -0.066         
1
1	1	pickKSM.s.C
22.7459        120.6320       -0.148         
1
2	1	pickSSD.s.M
7.7875         122.5710       -0.05          
1
1	1	pickIPIL.s.C
23.5054        121.3220       -0.237         
1
2	1	pickEHY.s.M
9.7812         125.4890       -0.049         
1
2	1	pickSCPH.s.M
13.5886        144.8690       -0.099         
1
1	1	pickGUMO.s.C
-0.6383        127.5010       -0.114         
1
1	1	pickLBMI.s.C
7.8791         125.0620       -0.471         
1
1	1	pickBUKP.s.C
8.5826         123.3520       -0.005         
1
2	1	pickDCPH.s.M
-4.8624        104.8570       -0.032         
1
2	1	pickKLI.s.M
23.8771        120.6840       -0.11          
1
1	1	pickWNT.s.C
17.9224        120.4580       -0.056         
1
2	1	pickSIPP.s.M
6.9541         122.0640       -0.059         
1
2	1	pickZMPH.s.M
23.0986        121.3650       -0.034         
1
2	1	pickCHKT.s.M
6.9541         122.0640       -0.059         
1
1	1	pickZMPH.s.C
-6.7347        147.0090       -0.1           
1
2	1	pickLML.s.M
-4.1930        152.1630       -0.185         
1
1	1	pickRAB.s.C
23.0393        120.2280       -0.0           
1
2	1	pickTAI1.s.M
11.0512        124.6090       -0.13          
1
1	1	pickOCLP.s.C
-0.8628        131.2600       -0.0           
1
2	1	pickSWI.s.M
-8.2163        114.4910       -0.591         
1
2	1	pickKELI.s.M
15.7402        121.5760       -0.05          
1
2	1	pickBALP.s.M
-18.0973       125.6400       -0.117         
1
1	1	pickFITZ.s.C
22.3490        91.8170        -0.035         
1
1	1	pickCHT.s.C
4.4799         101.0250       -0.247         
1
2	1	pickIPM.s.M
-7.3457        146.7170       -1.083         
1
2	1	pickWAU.s.M
-10.2059       123.6630       -0.356         
1
2	1	pickBATI.s.M
10.3166        123.9660       -0.135         
1
1	1	pickLLP.s.C
-2.5148        140.7050       -0.4           
1
1	1	pickJAY.s.C
7.0699         125.5790       -0.146         
1
1	1	pickDAV.s.C
17.6489        120.7120       -0.05          
1
2	1	pickABRA.s.M
-12.4075       130.8180       -0.006         
1
1	1	pickDAR.s.C
23.6853        120.5620       -0.075         
1
2	1	pickWGK.s.M
0.7722         127.3670       -0.043         
1
2	1	pickTNTI.s.M
7.0085         125.0900       -0.598         
1
1	1	pickKCP.s.C
8.4548         124.6940       -0.05          
1
2	1	pickCGP.s.M
-6.6652        147.0020       -0.072         
1
2	1	pickLAT.s.M
-4.4859        104.1780       -0.0           
1
1	1	pickMDSI.s.C
20.2949        85.8060        -0.0           
1
2	1	pickBWNR.s.M
12.3572        123.6240       -0.011         
1
2	1	pickMMPH.s.M
11.6006        125.4380       -0.048         
1
1	1	pickBESP.s.C
22.5389        88.3310        -0.006         
1
1	1	pickCAL.s.C
-0.9111        121.6490       -0.0           
1
2	1	pickAPSI.s.M
1.4729         110.3080       -0.066         
1
2	1	pickKSM.s.M
-7.3326        109.7100       -0.629         
1
2	1	pickBJII.s.M
-8.6772        115.2100       -0.015         
1
2	1	pickDNP.s.M
-7.9817        131.2980       -0.0           
1
2	1	pickSLKI.s.M
23.8822        120.9000       -1.015         
1
1	1	pickSMLT.s.C
23.8771        120.6840       -0.11          
1
2	1	pickWNT.s.M
18.4573        98.9430        -0.307         
1
2	1	pickCMAR.s.M
-2.6427        140.5600       -0.26          
1
2	1	pickYOMI.s.M
9.6907         123.8620       -0.12          
1
2	1	pickTBP.s.M
22.9931        120.6460       -0.255         
1
1	1	pickSLGT.s.C
15.5612        121.0960       -0.007         
1
2	1	pickPCPH.s.M
14.6600        121.0780       -0.07          
1
1	1	pickMAN.s.C
1.1215         120.7940       -0.086         
1
2	1	pickTOLI.s.M
17.7022        121.8220       -0.06          
1
2	1	pickCVP.s.M
20.8055        106.6290       -0.09          
1
2	1	pickPLV.s.M
-2.0427        147.3660       -0.142         
1
2	1	pickMANU.s.M
-19.9340       134.3570       -0.366         
1
1	1	pickWCB.s.C
23.8138        121.4330       -0.178         
1
2	1	pickESL.s.M
-7.3084        107.1300       -0.0           
1
2	1	pickCNJI.s.M
23.7867        120.9540       -0.45          
1
2	1	pickSSLB.s.M
-5.2500        145.7800       -0.027         
1
1	1	pickMDG.s.C
-19.9421       134.3510       -0.388         
1
1	1	pickWB2.s.C
-0.4571        100.3970       -0.0           
1
2	1	pickPPI.s.M
-8.1579        112.4520       -0.0           
1
2	1	pickKRKI.s.M
10.6255        122.5890       -0.05          
1
1	1	pickGUIM.s.C
-6.6169        147.8570       -0.007         
1
2	1	pickFINC.s.M
2.0155         103.3190       -0.103         
1
2	1	pickKGM.s.M
9.8275         122.6390       -0.05          
1
2	1	pickCNOP.s.M
0.5748         123.9810       -0.0           
1
2	1	pickKMSI.s.M
-2.9195        132.2490       -0.136         
1
2	1	pickFAKI.s.M
-3.9645        119.7690       -0.0           
1
1	1	pickSPSI.s.C
23.1739        120.1940       -0.007         
1
2	1	pickSCLT.s.M
23.6682        121.4270       -0.132         
1
2	1	pickEGFH.s.M
13.1560        123.7340       -0.019         
1
2	1	pickLGP.s.M
-6.1831        106.8360       -0.008         
1
2	1	pickDJA.s.M
-5.0174        104.0590       -0.938         
1
2	1	pickLWLI.s.M
7.0829         125.5080       -0.15          
1
1	1	pickDMPH.s.C
-1.0420        122.7720       -0.006         
1
2	1	pickLUWI.s.M
22.8203        121.0720       -0.195         
1
1	1	pickTWG.s.C
22.5671        120.3080       -0.002         
1
1	1	pickKAU.s.C
22.3018        114.1740       -0.027         
1
1	1	pickHKC.s.C
15.1498        145.7160       -0.1           
1
2	1	pickNMCC.s.M
23.5969        120.6780       -0.84          
1
2	1	pickCHN5.s.M
-8.4870        116.1130       -0.56          
1
2	1	pickKEDI.s.M
-15.7493       128.7670       -0.06          
1
1	1	pickKNA.s.C
7.8479         123.3820       -0.05          
1
1	1	pickPAGZ.s.C
0.7722         127.3670       -0.043         
1
1	1	pickTNTI.s.C
18.8132        98.9440        -0.316         
1
2	1	pickCHTO.s.M
22.3490        91.8170        -0.035         
1
2	1	pickCHT.s.M
3.5004         98.5640        -0.0           
1
2	1	pickTSI.s.M
18.3246        120.6190       -0.15          
1
2	1	pickPIP.s.M
21.8999        120.9000       -0.0           
1
2	1	pickTSEB.s.M
-4.3601        102.9560       -0.154         
1
2	1	pickMNAI.s.M
10.8499        121.0180       -0.196         
1
1	1	pickCUYO.s.C
10.6255        122.5890       -0.05          
1
2	1	pickGUIM.s.M
22.8223        120.4230       -0.34          
1
1	1	pickTWM1.s.C
-5.2681        141.2210       -0.7           
1
2	1	pickTZZ.s.M
5.1795         118.5000       -0.0           
1
2	1	pickMYLDM.s.M
-19.9340       134.3570       -0.366         
1
2	1	pickWCB.s.M
-15.6768       128.7630       -0.101         
1
2	1	pickKNRA.s.M
-10.1506       123.6050       -0.052         
1
2	1	pickKUG.s.M
-6.1720        106.6460       -0.014         
1
2	1	pickTNG.s.M
-7.7180        109.0150       -0.046         
1
2	1	pickCLJI.s.M
17.5504        120.4560       -0.05          
1
2	1	pickSZP.s.M
23.1980        121.2940       -0.376         
1
2	1	pickFULB.s.M
-4.5221        129.9040       -0.016         
1
2	1	pickBNDI.s.M
7.8479         123.3820       -0.05          
1
2	1	pickPAGZ.s.M
16.9440        121.8230       -0.05          
1
2	1	pickCAUP.s.M
-8.7497        121.6900       -0.914         
1
2	1	pickEDFI.s.M
23.9032        120.8570       -0.02          
1
1	1	pickTYC.s.C
23.0815        120.5830       -0.278         
1
2	1	pickSGST.s.M
-9.7380        150.8140       -0.046         
1
1	1	pickESA.s.C
-7.9828        131.3000       -0.11          
1
2	1	pickSAUI.s.M
16.3808        119.9130       -0.071         
1
2	1	pickBOLP.s.M
7.0085         125.0900       -0.598         
1
2	1	pickKCP.s.M
10.7473        121.9470       -0.018         
1
2	1	pickJAP.s.M
23.6853        120.5620       -0.075         
1
1	1	pickWGK.s.C
12.2093        109.2120       -0.005         
1
1	1	pickNHA.s.C
22.5962        120.9540       -0.07          
1
1	1	pickECL.s.C
-8.2726        113.4440       -0.0           
1
2	1	pickGMJI.s.M
23.3507        120.5930       -0.205         
1
2	1	pickCHN4.s.M
-9.7380        150.8140       -0.046         
1
2	1	pickESA.s.M
18.5055        84.0570        -0.055         
1
1	1	pickCHLP.s.C
23.8209        120.7280       -0.175         
1
2	1	pickWJS.s.M
16.1495        120.6800       -0.3           
1
2	1	pickSMPP.s.M
13.4589        121.8440       -0.029         
1
2	1	pickBOAC.s.M
-8.0220        111.8040       -0.0           
1
2	1	pickPWJI.s.M
-21.1693       119.7420       -0.2           
1
1	1	pickMBT.s.C
13.5957        124.1540       -0.05          
1
2	1	pickPVCP.s.M
14.6801        101.4110       -0.36          
1
1	1	pickPCT.s.C
11.2061        119.4250       -0.027         
1
2	1	pickENPP.s.M
-1.3269        99.0900        -0.0           
1
2	1	pickSISI.s.M
-3.6574        120.3230       -0.24          
1
1	1	pickBUNI.s.C
18.8132        98.9440        -0.416         
1
1	1	pickCHG.s.C
-6.8172        111.8480       -0.0           
1
2	1	pickTBJI.s.M
-5.5248        151.5080       -0.004         
1
1	1	pickPNB.s.C
-6.1499        155.1800       -1.0           
1
2	1	pickBGA.s.M
17.2437        99.0030        -0.154         
1
1	1	pickBDT.s.C
6.9320         122.0750       -0.015         
1
2	1	pickZCP.s.M
2.0155         103.3190       -0.103         
1
1	1	pickKGM.s.C
-4.3601        102.9560       -0.154         
1
1	1	pickMNAI.s.C
-21.1582       119.7310       -0.194         
1
2	1	pickMBWA.s.M
-18.1024       125.6430       -0.11          
1
2	1	pickFITZ*.s.M
22.7529        121.1470       -0.009         
1
1	1	pickTTN.s.C
-6.4901        108.2700       -0.0           
1
2	1	pickJCJI.s.M
22.5671        120.3080       -0.002         
1
2	1	pickKAU.s.M
-6.4901        108.2700       -0.0           
1
1	1	pickJCJI.s.C
7.5349         134.5470       -0.1           
1
2	1	pickI39PW.s.M
11.6781        122.3380       -0.015         
1
2	1	pickKALP.s.M
7.2208         124.2460       -0.05          
1
1	1	pickCTBH.s.C
8.4548         124.6940       -0.05          
1
1	1	pickCGP.s.C
-6.1197        106.1300       -0.0           
1
1	1	pickSBJI.s.C
-4.1910        152.1640       -0.277         
1
2	1	pickRABL.s.M
23.2995        120.6300       -0.37          
1
2	1	pickTPUB.s.M
23.8631        120.2810       -0.004         
1
1	1	pickWTCT.s.C
7.1997         124.2000       -0.05          
1
2	1	pickCTB.s.M
-5.6375        132.7370       -0.113         
1
2	1	pickTLE.s.M
23.2593        119.6600       -0.033         
1
1	1	pickWDGT.s.C
-7.7452        113.5950       -0.0           
1
2	1	pickBLJI.s.M
-20.5572       139.6050       -0.45          
1
1	1	pickQIS.s.C
-7.7352        111.7670       -0.723         
1
2	1	pickSJI.s.M
-19.9461       134.3620       -0.385         
1
1	1	pickWR2.s.C
3.5215         97.7710        -0.205         
1
2	1	pickKCSI.s.M
-3.8265        103.5230       -0.0           
1
1	1	pickLHSI.s.C
23.2663        120.4880       -0.59          
1
2	1	pickTWK.s.M
11.1649        124.9790       -0.133         
1
1	1	pickPLP.s.C
-8.4789        114.1420       -0.29          
1
2	1	pickSRDI.s.M
2.4091         96.3270        -0.015         
1
2	1	pickSNSI.s.M
20.4406        121.9640       -0.04          
1
2	1	pickBBP.s.M
10.8499        121.0180       -0.196         
1
2	1	pickCUYO.s.M
-8.7235        115.5320       -0.4           
1
2	1	pickRATI.s.M
-7.8167        110.2950       -0.16          
1
2	1	pickYOGI.s.M
12.4608        121.1190       -0.027         
1
1	1	pickSJMP.s.C
15.7754        119.9110       -0.021         
1
2	1	pickSCZP.s.M
5.2902         100.6500       -0.074         
1
1	1	pickKULM.s.C
-7.3326        108.9310       -0.0           
1
2	1	pickKPJI.s.M
13.1772        92.9300        -0.03          
1
1	1	pickDGPR.s.C
-5.3214        120.1220       -0.0           
1
2	1	pickBKSI.s.M
9.7762         118.7300       -0.015         
1
2	1	pickPPR.s.M
-23.6662       133.9010       -0.555         
1
1	1	pickASPA.s.C
2.6950         98.9240        -0.0           
1
2	1	pickRPSI.s.M
13.5011        120.9530       -0.375         
1
2	1	pickPGP.s.M
23.3457        120.2110       -0.006         
1
1	1	pickCHN8.s.C
-3.9645        119.7690       -0.0           
1
2	1	pickSPSI.s.M
-6.3008        155.4910       -0.699         
1
2	1	pickPAA.s.M
23.7938        85.8860        -0.282         
1
1	1	pickBOK.s.C
12.3572        123.6240       -0.011         
1
1	1	pickMMPH.s.C
-3.6866        128.1950       -0.08          
1
1	1	pickAAI.s.C
7.0105         93.9270        -0.01          
1
2	1	pickCMBY.s.M
-19.9421       134.3390       -0.389         
1
2	1	pickWR1.s.M
-5.5237        104.4970       -0.0           
1
2	1	pickKASI.s.M
17.0627        122.4250       -0.05          
1
1	1	pickPALP.s.C
12.0030        120.1990       -0.066         
1
1	1	pickBUSP.s.C
23.0996        121.3670       -0.036         
1
2	1	pickHSI.s.M
-8.4518        114.9490       -0.5           
1
2	1	pickRANI.s.M
-4.1930        152.1620       -0.18          
1
2	1	pickERB.s.M
-4.1014        145.0120       -0.18          
1
1	1	pickTBL.s.C
-19.9592       134.3460       -0.394         
1
2	1	pickWRB.s.M
-6.1197        106.1300       -0.0           
1
2	1	pickSBJI.s.M
-5.6375        132.7370       -0.113         
1
1	1	pickTLE.s.C
10.3226        123.9810       -0.137         
1
2	1	pickMAP.s.M
-3.2386        127.1000       -0.0           
1
2	1	pickNLAI.s.M
22.0385        121.5510       -0.324         
1
2	1	pickLAY.s.M
8.1841         126.3610       -0.044         
1
1	1	pickBIPH.s.C
23.4974        120.4240       -0.027         
1
1	1	pickCHY.s.C
-22.5610       115.5290       -0.08          
1
2	1	pickNANU.s.M
20.4406        121.9640       -0.04          
1
1	1	pickBBP.s.C
-4.4003        120.1060       -0.0           
1
2	1	pickBNSI.s.M
23.5125        119.5720       -0.015         
1
1	1	pickPHUB.s.C
-8.8181        115.1450       -0.202         
1
2	1	pickINGI.s.M
12.4608        121.1190       -0.027         
1
2	1	pickSJMP.s.M
23.0865        113.3440       -0.011         
1
1	1	pickGZH.s.C
-6.4196        106.8500       -0.0           
1
1	1	pickCBJI.s.C
23.7375        92.6900        -0.969         
1
1	1	pickAZL.s.C
4.2665         96.4040        -0.058         
1
2	1	pickMLSI.s.M
-0.9413        114.8960       -0.115         
1
2	1	pickMTKI.s.M
23.2452        120.6140       -0.56          
1
2	1	pickWTP.s.M
22.3571        120.8960       -0.008         
1
2	1	pickTAW.s.M
-6.6129        105.6930       -0.0           
1
1	1	pickCGJI.s.C
22.6766        91.6430        -0.044         
1
1	1	pickBRDH.s.C
-6.5927        106.9100       -0.85          
1
2	1	pickPACI.s.M
-8.8272        117.7760       -0.125         
1
2	1	pickPLAI.s.M
22.3711        120.6200       -0.074         
1
1	1	pickSCZT.s.C
4.4799         101.0250       -0.247         
1
1	1	pickIPM.s.C
22.0054        120.7380       -0.022         
1
1	1	pickHEN.s.C
-8.0834        115.2130       -0.06          
1
2	1	pickJEHI.s.M
-8.7235        115.5320       -0.4           
1
1	1	pickRATI.s.C
-10.2059       123.6630       -0.356         
1
1	1	pickBATI.s.C
-23.6822       133.8970       -0.6           
1
1	1	pickASP.s.C
23.3919        121.2970       -0.295         
1
2	1	pickYULB.s.M
18.2411        122.0460       -0.05          
1
2	1	pickSGCP.s.M
-8.8181        115.1450       -0.202         
1
1	1	pickINGI.s.C
16.3406        145.7120       -0.314         
1
2	1	pickANA2.s.M
-18.1084       125.6430       -0.11          
1
2	1	pickFITX.s.M
15.5612        121.0960       -0.007         
1
1	1	pickPCPH.s.C
23.8631        120.2810       -0.004         
1
2	1	pickWTCT.s.M
-3.3464        128.9280       -0.082         
1
1	1	pickMSAI.s.C
-8.3692        115.5430       -1.0           
1
2	1	pickTHRI.s.M
-1.8695        136.2400       -0.088         
1
1	1	pickSRPI.s.C
-18.1084       125.6430       -0.11          
1
1	1	pickFITX.s.C
-0.4460        117.2090       -0.097         
1
1	1	pickSMKI.s.C
8.5826         123.3520       -0.005         
1
1	1	pickDCPH.s.C
2.8007         98.9240        -0.987         
1
1	1	pickPSI.s.C
-6.3008        155.4910       -0.699         
1
1	1	pickPAA.s.C
22.1290        82.1320        -0.398         
1
2	1	pickBLSP.s.M
8.7970         117.8010       -0.054         
1
2	1	pickBATP.s.M
23.9032        120.8570       -0.02          
1
2	1	pickTYC.s.M
-3.0454        119.8190       -0.0           
1
1	1	pickTTSI.s.C
-2.7625        100.0100       -0.0           
1
1	1	pickPPSI.s.C
21.2939        106.2290       -0.015         
1
2	1	pickBGV.s.M
-1.9903        138.7100       -0.0           
1
1	1	pickSMPI.s.C
10.3307        123.9060       -0.036         
1
2	1	pickCCP.s.M
-1.1910        136.1070       -0.089         
1
2	1	pickBAKI.s.M
22.9951        120.1970       -0.014         
1
2	1	pickTAI.s.M
17.7022        121.8220       -0.06          
1
1	1	pickCVP.s.C
-4.3530        152.0520       -0.02          
1
2	1	pickKRT.s.M
23.2593        119.6600       -0.033         
1
2	1	pickWDGT.s.M
4.2936         117.8720       -0.062         
1
2	1	pickTSM.s.M
1.4437         124.8400       -0.191         
1
1	1	pickMNI.s.C
23.4773        120.3000       -0.016         
1
2	1	pickWLGB.s.M
-5.5660        105.1710       -0.2           
1
2	1	pickPENI.s.M
0.6363         123.0100       -0.0           
1
2	1	pickGTOI.s.M
-5.4875        122.5700       -0.104         
1
2	1	pickBBSI.s.M
-7.0487        110.4410       -0.203         
1
2	1	pickSMRI.s.M
-0.9051        119.8370       -0.15          
1
2	1	pickPCI.s.M
23.4914        121.4240       -0.094         
1
2	1	pickHGSD.s.M
23.6953        120.8530       -0.504         
1
2	1	pickWHYT.s.M
-3.2386        127.1000       -0.0           
1
1	1	pickNLAI.s.C
-5.0174        104.0590       -0.938         
1
1	1	pickLWLI.s.C
-12.6862       132.4730       -0.046         
1
2	1	pickKDU.s.M
12.5101        124.6630       -0.0           
1
1	1	pickCNP.s.C
13.4589        121.8440       -0.029         
1
1	1	pickBOAC.s.C
23.6370        120.2220       -0.006         
1
2	1	pickWSF.s.M
22.3822        120.8480       -0.445         
1
1	1	pickEAST.s.C
23.0755        120.3650       -0.05          
1
2	1	pickCHN3.s.M
22.3500        120.3790       -0.014         
1
2	1	pickWLCH.s.M
-1.0420        122.7720       -0.006         
1
1	1	pickLUWI.s.C
-10.4494       105.6880       -0.262         
1
1	1	pickXMI.s.C
2.4504         112.2200       -0.031         
1
2	1	pickSBUM.s.M
-1.2604        116.8960       -0.0           
1
2	1	pickBKB.s.M
6.9189         122.0630       -0.19          
1
2	1	pickZMP.s.M
20.2949        85.8060        -0.0           
1
1	1	pickBWNR.s.C
18.4573        98.9430        -0.307         
1
1	1	pickCM31.s.C
12.0030        120.1990       -0.066         
1
2	1	pickBUSP.s.M
22.3711        120.6200       -0.074         
1
2	1	pickSCZT.s.M
3.5004         98.5640        -0.0           
1
1	1	pickTSI.s.C
-3.9574        122.6190       -0.055         
1
1	1	pickKDI.s.C
-2.9195        132.2490       -0.136         
1
1	1	pickFAKI.s.C
16.6996        145.7790       -0.451         
1
2	1	pickSARN.s.M
11.5593        122.7450       -0.14          
1
1	1	pickRCP.s.C
6.8363         158.3120       -0.01          
1
2	1	pickPATS.s.M
2.4504         112.2200       -0.031         
1
1	1	pickSBUM.s.C
18.3246        120.6190       -0.15          
1
1	1	pickPIP.s.C
18.4573        98.9430        -0.307         
1
1	1	pickCMAR.s.C
23.7867        120.9540       -0.45          
1
1	1	pickSSLB.s.C
-3.4360        119.3830       -0.23          
1
1	1	pickTANI.s.C
-1.5111        134.1770       -0.106         
1
2	1	pickRKPI.s.M
23.5316        120.4750       -0.045         
1
1	1	pickCHN2.s.C
13.9045        122.4460       -0.05          
1
1	1	pickGQP.s.C
23.2081        119.4290       -0.06          
1
1	1	pickVCHM.s.C
14.7414        120.4160       -0.585         
1
1	1	pickNBP.s.C
21.9401        120.8120       -0.09          
1
2	1	pickTWKBT.s.M
-12.1902       96.8350        -0.0           
1
2	1	pickCOCO.s.M
-6.5535        106.7500       -0.211         
1
2	1	pickDBJI.s.M
13.5957        124.1540       -0.05          
1
1	1	pickPVCP.s.C
-7.8368        110.9240       -0.0           
1
2	1	pickWOJI.s.M
-7.3678        111.4610       -0.0           
1
2	1	pickNGJI.s.M
1.8896         98.9250        -1.0           
1
2	1	pickPCBI.s.M
9.7812         125.4890       -0.049         
1
1	1	pickSCPH.s.C
15.7402        121.5760       -0.05          
1
1	1	pickBALP.s.C
-19.9340       134.3290       -0.386         
1
2	1	pickI07AU.s.M
23.6883        120.5380       -0.069         
1
2	1	pickWDLH.s.M
14.6801        101.4110       -0.36          
1
2	1	pickPCT.s.M
17.5504        120.4560       -0.05          
1
1	1	pickSZP.s.C
6.5193         124.5430       -0.1           
1
1	1	pickSKMP.s.C
-2.5923        140.1680       -0.047         
1
2	1	pickGENI.s.M
23.8038        120.2230       -0.012         
1
2	1	pickWMLT.s.M
22.9931        120.6460       -0.255         
1
2	1	pickSLGT.s.M
-10.4494       105.6880       -0.262         
1
2	1	pickXMI.s.M
-1.1910        136.1070       -0.089         
1
1	1	pickBAKI.s.C
12.3612        122.0210       -0.12          
1
1	1	pickOTRP.s.C
17.2487        81.6240        -0.04          
1
1	1	pickPVM.s.C
22.6726        121.4690       -0.023         
1
2	1	pickLDUT.s.M
-18.1335       144.3170       -0.46          
1
2	1	pickMTSU.s.M
-6.1499        155.1800       -1.0           
1
1	1	pickBGA.s.C
7.3436         134.4740       -0.01          
1
2	1	pickPALU.s.M
23.4833        120.2350       -0.006         
1
2	1	pickCHN7.s.M
-13.9568       143.1750       -0.285         
1
1	1	pickCOEN.s.C
-2.0910        101.4620       -0.811         
1
2	1	pickKRJI.s.M
7.8972         126.0180       -1.13          
1
2	1	pickMPP.s.M
-7.1061        106.6590       -0.81          
1
2	1	pickKALI.s.M
12.3612        122.0210       -0.12          
1
2	1	pickOTRP.s.M
9.7832         126.1270       -0.1           
1
1	1	pickGLSP.s.C
-0.4460        117.2090       -0.097         
1
2	1	pickSMKI.s.M
-19.9230       134.3550       -0.384         
1
2	1	pickWB3.s.M
-3.6574        120.3230       -0.24          
1
2	1	pickBUNI.s.M
23.7084        121.5400       -0.005         
1
2	1	pickTEGC.s.M
-10.1506       123.6050       -0.0           
1
1	1	pickKUPT.s.C
22.1209        113.5580       -0.11          
1
2	1	pickMCO.s.M
22.3450        120.3630       -0.08          
1
2	1	pickTWP.s.M
17.8610        121.2430       -0.05          
1
1	1	pickAPYP.s.C
-23.6642       133.9510       -0.605         
1
2	1	pickAS01.s.M
1.3611         103.7730       -0.064         
1
2	1	pickBTDF.s.M
23.6873        120.3890       -0.042         
1
2	1	pickWTK.s.M
6.9460         126.2570       -0.12          
1
1	1	pickMATI.s.C
13.7335        120.2460       -0.05          
1
1	1	pickLUBP.s.C
23.0815        120.5830       -0.278         
1
1	1	pickSGST.s.C
-5.3677        105.2450       -0.147         
1
1	1	pickBLSI.s.C
1.1114         120.7820       -0.051         
1
2	1	pickTOLI2.s.M
-7.0054        106.5560       -0.1           
1
2	1	pickSKJI.s.M
23.4974        120.4240       -0.027         
1
2	1	pickCHY.s.M
-6.9138        112.4790       -0.0           
1
2	1	pickGRJI.s.M
-3.2990        116.1670       -0.0           
1
2	1	pickKBKI.s.M
-10.1506       123.6050       -0.052         
1
1	1	pickKUG.s.C
-8.2163        114.4910       -0.591         
1
1	1	pickKELI.s.C
3.2598         97.1800        -0.009         
1
2	1	pickTPTI.s.M
9.7762         118.7300       -0.015         
1
1	1	pickPPR.s.C
-4.6903        104.7300       -0.081         
1
1	1	pickKLSI.s.C
-2.5098        140.4170       -0.3           
1
2	1	pickMENI.s.M
-4.4859        104.1780       -0.0           
1
2	1	pickMDSI.s.M
22.6113        120.6330       -0.139         
1
2	1	pickMASBT.s.M
-5.3677        105.2450       -0.147         
1
2	1	pickBLSI.s.M
20.8055        106.6290       -0.09          
1
1	1	pickPLV.s.C
22.5962        120.9540       -0.07          
1
2	1	pickECL.s.M
-6.6894        105.5890       -0.22          
1
1	1	pickPASI.s.C
-6.2244        155.6190       -0.065         
1
1	1	pickKOA.s.C
-7.0145        107.5000       -1.0           
1
2	1	pickSINI.s.M
22.1209        113.5580       -0.11          
1
1	1	pickMCO.s.C
22.7529        120.3350       -0.021         
1
2	1	pickSNJT.s.M
18.4573        98.9430        -0.307         
1
2	1	pickCM31.s.M
15.7754        119.9110       -0.021         
1
1	1	pickSCZP.s.C
23.8902        120.3590       -0.0           
1
2	1	pickRLNB.s.M
0.6363         123.0100       -0.0           
1
1	1	pickGTOI.s.C
23.1840        120.5280       -0.36          
1
2	1	pickCHN1.s.M
10.1334        124.8590       -0.05          
1
1	1	pickMSLP.s.C
0.7953         99.5800        -0.0           
1
1	1	pickMNSI.s.C
-3.6514        102.5930       -0.539         
1
2	1	pickKSI.s.M
14.6519        121.0580       -0.045         
1
2	1	pickQVPH.s.M
23.7536        121.1410       -0.0           
1
2	1	pickVWDT.s.M
13.3230        122.6750       -0.05          
1
2	1	pickAUQP.s.M
-2.0497        125.9880       -0.03          
1
1	1	pickSANI.s.C
22.0385        121.5510       -0.324         
1
1	1	pickLAY.s.C
23.8822        120.9000       -1.015         
1
2	1	pickSMLT.s.M
-6.6894        105.5890       -0.22          
1
2	1	pickPASI.s.M
-6.1428        120.4900       -0.114         
1
2	1	pickBSSI.s.M
23.4833        120.2350       -0.006         
1
1	1	pickCHN7.s.C
23.1840        120.5280       -0.36          
1
1	1	pickCHN1.s.C
-8.4870        116.1130       -0.56          
1
1	1	pickKEDI.s.C
-19.9029       134.3590       -0.381         
1
1	1	pickWB4.s.C
17.6489        120.7120       -0.05          
1
1	1	pickABRA.s.C
0.7953         99.5800        -0.0           
1
2	1	pickMNSI.s.M
-21.1592       119.8330       -0.2           
1
2	1	pickMBL.s.M
-6.6129        105.6930       -0.0           
1
2	1	pickCGJI.s.M
-1.5111        134.1770       -0.106         
1
1	1	pickRKPI.s.C
7.8489         126.1870       -0.433         
1
1	1	pickPPH.s.C
-19.9330       134.3500       -0.366         
1
1	1	pickWRAB.s.C
3.5215         97.7710        -0.205         
1
1	1	pickKCSI.s.C
-22.6424       114.2340       -0.111         
1
2	1	pickGIRL.s.M
-0.0544        98.2800        -0.0           
1
1	1	pickPBSI.s.C
15.2454        105.0180       -0.0           
1
1	1	pickUBT.s.C
-19.9592       134.3460       -0.394         
1
1	1	pickWRB.s.C
1.1215         120.7940       -0.086         
1
1	1	pickTOLI.s.C
-8.7376        116.8820       -0.087         
1
2	1	pickTWSI.s.M
-6.6733        146.9130       -0.05          
1
2	1	pickLAE.s.M
0.7863         127.3690       -0.0           
1
2	1	pickTNE.s.M
-3.6614        133.7040       -0.0           
1
2	1	pickKMPI.s.M
-8.4669        140.3830       -0.008         
1
2	1	pickMMPI.s.M
-6.1720        106.6460       -0.014         
1
1	1	pickTNG.s.C
3.1027         101.6450       -0.046         
1
2	1	pickKLM.s.M
0.0654         111.4770       -0.088         
1
2	1	pickSTKI.s.M
-4.6903        104.7300       -0.081         
1
2	1	pickKLSI.s.M
18.5055        84.0570        -0.055         
1
2	1	pickCHLP.s.M
-6.4186        110.9470       -0.062         
1
2	1	pickUWJI.s.M
3.2598         97.1800        -0.009         
1
1	1	pickTPTI.s.C
13.7335        120.2460       -0.05          
1
2	1	pickLUBP.s.M
-4.3067        152.0260       -0.105         
1
1	1	pickKRVT.s.C
23.8701        121.5070       -0.028         
1
2	1	pickESF.s.M
4.2936         117.8720       -0.062         
1
1	1	pickTSM.s.C
22.9951        120.1970       -0.014         
1
1	1	pickTAI.s.C
1.7900         103.8500       -0.0           
1
2	1	pickMYKOM.s.M
-8.2142        114.3560       -0.0           
1
2	1	pickBYJI.s.M
23.9032        121.6020       -0.071         
1
2	1	pickENLB.s.M
22.8223        120.4230       -0.34          
1
2	1	pickTWM1.s.M
1.6128         99.3170        -1.1           
1
2	1	pickMRPI.s.M
-8.3642        115.6080       -0.0           
1
1	1	pickKHKI.s.C
-3.1410        102.2400       -0.385         
1
2	1	pickMASI.s.M
11.6559        92.7430        -0.017         
1
1	1	pickPBA.s.C
-1.3269        99.0900        -0.0           
1
1	1	pickSISI.s.C
-2.5098        140.4170       -0.3           
1
1	1	pickMENI.s.C
-10.2190       120.5780       -0.081         
1
2	1	pickBASI.s.M
18.2411        122.0460       -0.05          
1
1	1	pickSGCP.s.C
12.5896        99.7340        -0.106         
1
2	1	pickNNT.s.M
-2.0417        147.4020       -0.01          
1
1	1	pickMOM.s.C
23.1880        121.0170       -1.04          
1
2	1	pickELDTW.s.M
18.1245        145.7700       -0.01          
1
2	1	pickPAGV.s.M
16.3527        145.6560       -0.51          
1
2	1	pickANAT.s.M
23.2483        91.4470        -0.02          
1
2	1	pickBELO.s.M
14.7273        121.9390       -0.032         
1
1	1	pickPOLP.s.C
23.1739        120.1940       -0.007         
1
1	1	pickSCLT.s.C
-1.9903        138.7100       -0.0           
1
2	1	pickSMPI.s.M
-4.5886        145.9540       -0.46          
1
2	1	pickKKI.s.M
-2.1615        106.1360       -0.064         
1
2	1	pickPPBI.s.M
20.8788        105.2600       -0.08          
1
1	1	pickTLV.s.C
-5.5590        150.1530       -0.01          
1
2	1	pickKMBE.s.M
1.8383         127.7880       -0.13          
1
2	1	pickGAMI.s.M
-2.9266        104.7720       -0.03          
1
2	1	pickPMBI.s.M
13.5886        144.8680       -0.199         
1
1	1	pickPJG.s.C
-22.5440       115.5000       -0.08          
1
1	1	pickNAU.s.C
7.0105         93.9270        -0.01          
1
1	1	pickCMBY.s.C
-20.7763       116.8590       -0.015         
1
2	1	pickKAA.s.M
23.9766        121.6050       -0.016         
1
1	1	pickHWA.s.C
23.6370        120.2220       -0.006         
1
1	1	pickWSF.s.C
23.0996        121.3670       -0.036         
1
1	1	pickHSI.s.C
22.7248        120.4910       -0.03          
1
2	1	pickSGLT.s.M
-7.3326        109.7100       -0.629         
1
1	1	pickBJII.s.C
-18.1024       125.6430       -0.11          
1
1	1	pickFITZ*.s.C
0.3373         119.8980       -0.0           
1
1	1	pickMPSI.s.C
-5.2500        145.7800       -0.027         
1
2	1	pickMDG.s.M
-19.9481       134.3870       -0.377         
1
2	1	pickWR3.s.M
-20.7140       139.5530       -0.5           
1
1	1	pickISQ.s.C
18.1164        83.4500        -0.118         
1
2	1	pickVIZ.s.M
-7.3084        107.1300       -0.0           
1
1	1	pickCNJI.s.C
-8.6359        116.1710       -0.108         
1
2	1	pickMTNI.s.M
22.7097        121.4770       -0.05          
1
2	1	pickTWH.s.M
16.9440        121.8230       -0.05          
1
1	1	pickCAUP.s.C
11.2061        119.4250       -0.027         
1
1	1	pickENPP.s.C
-2.9266        104.7720       -0.03          
1
1	1	pickPMBI.s.C
8.9691         125.6210       -0.068         
1
1	1	pickBUTP.s.C
-4.5302        154.2380       -0.01          
1
2	1	pickNIS.s.M
6.0864         124.9490       -1.05          
1
1	1	pickGSPH.s.C
10.4192        121.9440       -0.05          
1
1	1	pickAAP.s.C
18.4201        98.9590        -0.292         
1
2	1	pickCM01.s.M
-2.2259        113.9450       -0.07          
1
2	1	pickPLKI.s.M
18.4201        98.9590        -0.292         
1
1	1	pickCM01.s.C
22.2154        120.7990       -0.197         
1
2	1	pickSLIU.s.M
-0.0544        98.2800        -0.0           
1
2	1	pickPBSI.s.M
23.8832        91.2500        -0.017         
1
2	1	pickAGT.s.M
22.8173        121.0800       -0.195         
1
1	1	pickTWGBT.s.C
-7.7040        112.6350       -0.0           
1
1	1	pickTRT.s.C
-19.9029       134.3590       -0.381         
1
2	1	pickWB4.s.M
-7.5550        107.8150       -0.544         
1
1	1	pickCISI.s.C
-4.4003        120.1060       -0.0           
1
1	1	pickBNSI.s.C
-1.8695        136.2400       -0.088         
1
2	1	pickSRPI.s.M
-8.8272        117.7760       -0.125         
1
1	1	pickPLAI.s.C
-5.3214        120.1220       -0.0           
1
1	1	pickBKSI.s.C
-3.8265        103.5230       -0.0           
1
2	1	pickLHSI.s.M
13.8985        121.8660       -0.3           
1
2	1	pickTAY.s.M
-0.9121        100.4620       -0.276         
1
2	1	pickPDSI.s.M
-19.9421       134.3390       -0.389         
1
1	1	pickWR1.s.C
-10.1677       123.5860       -0.052         
1
2	1	pickKUP.s.M
21.3331        103.9050       -0.7           
1
1	1	pickSLVN.s.C
-21.1582       119.7310       -0.194         
1
1	1	pickMBWA.s.C
-9.7551        124.2670       -1.047         
1
1	1	pickSOEI.s.C
-8.5393        118.6930       -0.063         
1
2	1	pickBMNI.s.M
22.7047        120.6450       -0.145         
1
2	1	pickTSMG.s.M
-5.5237        104.4970       -0.0           
1
1	1	pickKASI.s.C
22.3571        120.8960       -0.008         
1
1	1	pickTAW.s.C
17.6006        145.8380       -0.49          
1
2	1	pickALMG.s.M
15.2142        145.7520       -0.21          
1
2	1	pickSAPN.s.M
-2.7564        107.6530       -0.025         
1
1	1	pickTPI.s.C
-3.2990        116.1670       -0.0           
1
1	1	pickKBKI.s.C
14.6368        121.0770       -0.058         
1
1	1	pickQCP.s.C
-7.3326        108.9310       -0.0           
1
1	1	pickKPJI.s.C
22.9720        121.3040       -0.079         
1
2	1	pickEDH.s.M
23.3598        120.2790       -0.037         
1
2	1	pickICHU.s.M
0.3262         101.0400       -0.065         
1
2	1	pickBKNI.s.M
-8.4789        114.1420       -0.29          
1
1	1	pickSRDI.s.C
3.1027         101.6450       -0.046         
1
1	1	pickKLM.s.C
6.9320         122.0750       -0.015         
1
1	1	pickZCP.s.C
2.1021         98.4540        -0.84          
1
1	1	pickAEKI.s.C
-19.9582       134.3720       -0.382         
1
2	1	pickWC3.s.M
22.9057        121.1300       -0.21          
1
2	1	pickLONT.s.M
23.5054        121.3220       -0.237         
1
1	1	pickEHY.s.C
23.8832        91.2500        -0.017         
1
1	1	pickAGT.s.C
-21.1592       119.8330       -0.2           
1
1	1	pickMBL.s.C
23.5125        119.5720       -0.015         
1
2	1	pickPHUB.s.M
21.9431        120.8050       -0.09          
1
1	1	pickTWK1.s.C
-0.9413        114.8960       -0.115         
1
1	1	pickMTKI.s.C
-3.8849        138.7110       -0.0           
1
1	1	pickWAMI.s.C
-7.8167        110.2950       -0.16          
1
1	1	pickYOGI.s.C
-4.1144        152.0880       -0.03          
1
2	1	pickEWT.s.M
13.1560        123.7340       -0.019         
1
1	1	pickLGP.s.C
13.8985        121.8660       -0.3           
1
1	1	pickTAY.s.C
23.2191        120.4970       -0.156         
1
2	1	pickSNST.s.M
-6.2244        155.6190       -0.065         
1
2	1	pickKOA.s.M
-2.6427        140.5600       -0.26          
1
1	1	pickYOMI.s.C
-6.4196        106.8500       -0.0           
1
2	1	pickCBJI.s.M
-7.1061        106.6590       -0.81          
1
1	1	pickKALI.s.C
23.8038        120.2230       -0.012         
1
1	1	pickWMLT.s.C
0.4772         121.9410       -0.0           
1
1	1	pickMRSI.s.C
22.9057        121.1300       -0.21          
1
1	1	pickLONT.s.C
5.4966         95.2960        -0.192         
1
1	1	pickBSI.s.C
-2.7051        111.6700       -0.074         
1
2	1	pickPBKI.s.M
-19.9230       134.3550       -0.384         
1
1	1	pickWB3.s.C
23.8209        120.7280       -0.175         
1
1	1	pickWJS.s.C
-6.1428        120.4900       -0.114         
1
1	1	pickBSSI.s.C
-12.1902       96.8350        -0.0           
1
1	1	pickCOCO.s.C
16.3808        119.9130       -0.071         
1
1	1	pickBOLP.s.C
-2.0910        101.4620       -0.811         
1
1	1	pickKRJI.s.C
-5.2681        141.2210       -0.7           
1
1	1	pickTZZ.s.C
-7.8368        110.9240       -0.0           
1
1	1	pickWOJI.s.C
15.6718        100.1330       -0.034         
1
1	1	pickNST.s.C
-6.1831        106.8360       -0.008         
1
1	1	pickDJA.s.C
23.5316        120.4750       -0.045         
1
2	1	pickCHN2.s.M
17.4056        101.7300       -0.259         
1
1	1	pickLOE.s.C
-3.6514        102.5930       -0.539         
1
1	1	pickKSI.s.C
-0.9322        101.4280       -0.0           
1
1	1	pickSDSI.s.C
11.7334        122.1150       -0.072         
1
2	1	pickPAP.s.M
-7.7835        108.4490       -0.0           
1
1	1	pickCMJI.s.C
22.4827        120.5680       -0.016         
1
2	1	pickSSPT.s.M
9.2328         124.6720       -0.25          
1
1	1	pickVHH.s.C
-8.8131        148.0990       -0.303         
1
2	1	pickAGE.s.M
14.6227        121.0040       -0.015         
1
2	1	pickQVP.s.M
-1.2604        116.8960       -0.0           
1
1	1	pickBKB.s.C
14.6519        121.0580       -0.045         
1
1	1	pickQVPH.s.C
-5.3526        102.2770       -0.036         
1
2	1	pickEGSI.s.M
17.1883        100.4160       -0.114         
1
1	1	pickPHIT.s.C
-3.4621        114.8410       -0.11          
1
2	1	pickBBKI.s.M
-3.1410        102.2400       -0.385         
1
1	1	pickMASI.s.C
20.1331        92.8850        -0.015         
1
1	1	pickSIMRM.s.C
-4.1910        152.1640       -0.277         
1
1	1	pickRABL.s.C
16.3366        102.8230       -0.14          
1
1	1	pickKKTK.s.C
-19.7662       134.3930       -0.392         
1
2	1	pickWB0.s.M
23.2081        119.4290       -0.06          
1
2	1	pickVCHM.s.M
-8.6359        122.2380       -0.137         
1
1	1	pickMMRI.s.C
-6.8675        109.1210       -0.044         
1
2	1	pickTGJI.s.M
-7.7956        114.2340       -0.0           
1
2	1	pickABJI.s.M
-0.5295        117.6040       -0.179         
1
2	1	pickSGKI.s.M
18.7991        100.7000       -0.264         
1
1	1	pickNANT.s.C
-2.5279        121.3350       -0.602         
1
2	1	pickSKSI.s.M
22.6113        120.6330       -0.139         
1
1	1	pickMASBT.s.C
13.4438        120.7270       -0.057         
1
2	1	pickABP.s.M
-22.6424       114.2340       -0.111         
1
1	1	pickGIRL.s.C
23.0755        120.3650       -0.05          
1
1	1	pickCHN3.s.C
2.8853         98.1570        -0.82          
1
2	1	pickLARI.s.M
-2.0417        147.4020       -0.01          
1
2	1	pickMOM.s.M
11.6781        122.3380       -0.015         
1
1	1	pickKALP.s.C
5.2288         96.9470        -0.003         
1
1	1	pickLHMI.s.C
-0.3493        102.3340       -0.041         
1
2	1	pickRGRI.s.M
23.3467        121.3190       -0.165         
1
2	1	pickEYUL.s.M
22.6766        91.6430        -0.044         
1
2	1	pickBRDH.s.M
-0.9302        134.0400       -0.07          
1
2	1	pickMWPI.s.M
-0.4792        104.5780       -0.058         
1
2	1	pickDSRI.s.M
2.4091         96.3270        -0.015         
1
1	1	pickSNSI.s.C
22.7248        120.4910       -0.03          
1
1	1	pickSGLT.s.C
-6.8998        107.6500       -0.726         
1
2	1	pickBND.s.M
-0.9322        101.4280       -0.0           
1
2	1	pickSDSI.s.M
-3.6614        133.7040       -0.0           
1
1	1	pickKMPI.s.C
23.2995        120.6300       -0.37          
1
1	1	pickTPUB.s.C
23.8138        121.4330       -0.178         
1
1	1	pickESL.s.C
1.3037         97.5760        -0.107         
1
1	1	pickGSI.s.C
-3.4621        114.8410       -0.11          
1
1	1	pickBBKI.s.C
-3.4883        152.1850       -0.27          
1
2	1	pickEKN.s.M
22.4827        120.5680       -0.016         
1
1	1	pickSSPT.s.C
21.3894        103.0250       -1.05          
1
1	1	pickDBV.s.C
-4.8040        152.8300       -0.01          
1
2	1	pickELB.s.M
-0.9111        121.6490       -0.0           
1
1	1	pickAPSI.s.C
-5.8509        112.6580       -0.058         
1
2	1	pickBWJI.s.M
10.3226        123.9810       -0.137         
1
1	1	pickMAP.s.C
-8.4800        119.8900       -0.123         
1
1	1	pickLBFI.s.C
-6.6733        146.9130       -0.05          
1
1	1	pickLAE.s.C
-7.9828        131.3000       -0.11          
1
1	1	pickSAUI.s.C
23.0986        121.3650       -0.034         
1
1	1	pickCHKT.s.C
-5.3093        150.0450       -0.04          
1
1	1	pickTLS.s.C
-9.4713        147.1600       -0.04          
1
1	1	pickKDB.s.C
23.7084        121.5400       -0.005         
1
1	1	pickTEGC.s.C
-3.5859        143.6400       -0.1           
1
2	1	pickWWW.s.M
2.8853         98.1570        -0.82          
1
1	1	pickLARI.s.C
-5.8438        105.7420       -0.0           
1
2	1	pickRBSI.s.M
23.1629        120.7570       -0.64          
1
1	1	pickSTYT.s.C
22.8173        121.0800       -0.195         
1
2	1	pickTWGBT.s.M
-4.8624        104.8570       -0.032         
1
1	1	pickKLI.s.C
23.2663        120.4880       -0.59          
1
1	1	pickTWK.s.C
22.7529        120.3350       -0.021         
1
1	1	pickSNJT.s.C
-19.8777       134.3660       -0.371         
1
1	1	pickWB5.s.C
22.6414        120.2620       -0.352         
1
2	1	pickWSSB.s.M
-5.4875        122.5700       -0.104         
1
1	1	pickBBSI.s.C
0.3262         101.0400       -0.065         
1
1	1	pickBKNI.s.C
3.5497         98.6830        -0.032         
1
1	1	pickMED.s.C
-0.9121        100.4620       -0.276         
1
1	1	pickPDSI.s.C
18.8122        98.9480        -0.399         
1
1	1	pickCMMT.s.C
-5.8438        105.7420       -0.0           
1
1	1	pickRBSI.s.C
2.1021         98.4540        -0.84          
1
2	1	pickAEKI.s.M
23.6883        120.5380       -0.069         
1
1	1	pickWDLH.s.C
-9.6685        120.2980       -0.048         
1
1	1	pickWSI.s.C
18.5216        99.6320        -0.247         
1
1	1	pickLAMP.s.C
-22.5610       115.5290       -0.08          
1
1	1	pickNANU.s.C
23.4773        120.3000       -0.016         
1
1	1	pickWLGB.s.C
9.7832         126.1270       -0.1           
1
2	1	pickGLSP.s.M
-4.2312        152.2200       -0.031         
1
2	1	pickTAV.s.M
10.7473        121.9470       -0.018         
1
1	1	pickJAP.s.C
22.0828        82.4170        -0.085         
1
2	1	pickBLPI.s.M
3.6856         125.5290       -0.1           
1
1	1	pickSGSI.s.C
20.7009        116.7310       -0.038         
1
2	1	pickVDOS.s.M
-8.4699        114.1520       -0.171         
1
1	1	pickJAGI.s.C
-19.9592       134.5400       -0.353         
1
2	1	pickWR0.s.M
9.8275         122.6390       -0.05          
1
1	1	pickCNOP.s.C
14.7414        120.4160       -0.585         
1
2	1	pickNBP.s.M
23.2452        120.6140       -0.56          
1
1	1	pickWTP.s.C
16.1495        120.6800       -0.3           
1
1	1	pickSMPP.s.C
23.2191        120.4970       -0.156         
1
1	1	pickSNST.s.C
23.3919        121.2970       -0.295         
1
1	1	pickYULB.s.C
-8.3703        114.6200       -0.0           
1
1	1	pickNBBI.s.C
-21.1693       119.7420       -0.2           
1
2	1	pickMBT.s.M
21.9592        120.7500       -0.055         
1
2	1	pickSNW.s.M
10.4192        121.9440       -0.05          
1
2	1	pickAAP.s.M
1.3611         103.7730       -0.064         
1
1	1	pickBTDF.s.C
-4.2312        152.2200       -0.031         
1
1	1	pickTAV.s.C
-4.2061        151.6680       -0.03          
1
2	1	pickETV.s.M
-10.4806       105.6520       -0.244         
1
1	1	pickXMIS.s.C
-6.5535        106.7500       -0.211         
1
1	1	pickDBJI.s.C
22.7459        120.6320       -0.148         
1
1	1	pickSSD.s.C
18.4985        100.2290       -0.187         
1
1	1	pickPHRA.s.C
22.6726        121.4690       -0.023         
1
1	1	pickLDUT.s.C
23.8902        120.3590       -0.0           
1
1	1	pickRLNB.s.C
23.3517        121.2970       -0.26          
1
1	1	pickTWF1.s.C
14.8621        121.1010       -0.227         
1
2	1	pickNZB.s.M
-4.2765        152.6860       -0.05          
1
2	1	pickESM.s.M
23.3487        121.2960       -0.18          
1
2	1	pickTWF.s.M
0.5748         123.9810       -0.0           
1
1	1	pickKMSI.s.C
-0.5295        117.6040       -0.179         
1
1	1	pickSGKI.s.C
21.0477        105.7970       -0.006         
1
1	1	pickHNV.s.C
-0.3493        102.3340       -0.041         
1
1	1	pickRGRI.s.C
-3.3182        128.3950       -0.125         
1
2	1	pickKRAI.s.M
-6.5927        106.9100       -0.85          
1
1	1	pickPACI.s.C
8.2243         126.2500       -0.2           
1
1	1	pickBIP.s.C
13.3230        122.6750       -0.05          
1
1	1	pickAUQP.s.C
-7.9123        110.5230       -0.35          
1
1	1	pickUGM.s.C
-21.5622       119.9010       -0.324         
1
2	1	pickPSAC2.s.M
22.3450        120.3630       -0.08          
1
1	1	pickTWP.s.C
-8.4669        140.3830       -0.008         
1
1	1	pickMMPI.s.C
-8.7376        116.8820       -0.087         
1
1	1	pickTWSI.s.C
-8.7497        121.6900       -0.914         
1
1	1	pickEDFI.s.C
17.7434        100.5540       -0.063         
1
1	1	pickUTTA.s.C
23.0393        120.2280       -0.0           
1
1	1	pickTAI1.s.C
22.8846        120.4940       -0.07          
1
2	1	pickSCST.s.M
-12.6862       132.4730       -0.046         
1
1	1	pickKDU.s.C
19.0484        104.8770       -0.03          
1
1	1	pickCCVB.s.C
14.7847        98.5920        -0.173         
1
2	1	pickKHT.s.M
23.6873        120.3890       -0.042         
1
1	1	pickWTK.s.C
22.8846        120.4940       -0.07          
1
1	1	pickSCST.s.C
-7.9817        131.2980       -0.0           
1
1	1	pickSLKI.s.C
23.2483        91.4470        -0.02          
1
1	1	pickBELO.s.C
23.9032        121.6020       -0.071         
1
1	1	pickENLB.s.C
5.1795         118.5000       -0.0           
1
1	1	pickMYLDM.s.C
-3.6504        102.5670       -0.611         
1
2	1	pickBGI.s.M
-7.0054        106.5560       -0.1           
1
1	1	pickSKJI.s.C
-4.1014        145.0120       -0.18          
1
2	1	pickTBL.s.M
-3.4883        152.1850       -0.27          
1
1	1	pickEKN.s.C
4.2665         96.4040        -0.058         
1
1	1	pickMLSI.s.C
-4.3329        152.0360       -0.017         
1
2	1	pickKET.s.M
21.8999        120.9000       -0.0           
1
1	1	pickTSEB.s.C
-23.6642       133.9510       -0.605         
1
1	1	pickAS01.s.C
-5.3486        141.2920       -0.518         
1
2	1	pickOKTD.s.M
-1.6339        103.6420       -0.0           
1
2	1	pickJMBI.s.M
-8.0844        115.2130       -0.0           
1
1	1	pickSRBI.s.C
-15.6768       128.7630       -0.101         
1
1	1	pickKNRA.s.C
23.9294        117.7500       -0.0           
1
2	1	pickZPLA.s.M
20.8256        105.3520       -0.03          
1
1	1	pickHBVN.s.C
-5.3093        150.0450       -0.04          
1
2	1	pickTLS.s.M
-2.6900        118.9100       -0.221         
1
2	1	pickMMSI.s.M
-6.9883        145.0730       -0.3           
1
2	1	pickPUR.s.M
18.0742        145.7310       -0.54          
1
2	1	pickPAGN.s.M
22.7047        120.6450       -0.145         
1
1	1	pickTSMG.s.C
21.5894        103.4180       -0.0           
1
1	1	pickTGV.s.C
-10.2190       120.5780       -0.081         
1
1	1	pickBASI.s.C
23.8701        121.5070       -0.028         
1
1	1	pickESF.s.C
12.5896        99.7340        -0.106         
1
1	1	pickNNT.s.C
-7.0145        107.5000       -1.0           
1
1	1	pickSINI.s.C
-9.4713        147.1600       -0.04          
1
2	1	pickKDB.s.M
14.2888        122.6970       -0.05          
1
2	1	pickJCNP.s.M
20.8748        105.3590       -0.03          
1
1	1	pickKSVV.s.C
23.3507        120.5930       -0.205         
1
1	1	pickCHN4.s.C
23.5969        120.6780       -0.84          
1
1	1	pickCHN5.s.C
15.2796        105.4700       -0.12          
1
2	1	pickUBPT.s.M
7.3436         134.4740       -0.01          
1
1	1	pickPALU.s.C
-8.0220        111.8040       -0.0           
1
1	1	pickPWJI.s.C
-3.6655        152.4420       -0.005         
1
2	1	pickNAMA.s.M
16.5699        100.9700       -0.008         
1
2	1	pickPBKT.s.M
-5.5660        105.1710       -0.2           
1
1	1	pickPENI.s.C
21.3331        103.9050       -0.7           
1
2	1	pickSLVN.s.M
23.1880        121.0170       -1.04          
1
1	1	pickELDTW.s.C
-4.1718        121.6510       -0.089         
1
2	1	pickKKSI.s.M
1.6128         99.3170        -1.1           
1
1	1	pickMRPI.s.C
23.3598        120.2790       -0.037         
1
1	1	pickICHU.s.C
-8.1579        112.4520       -0.0           
1
1	1	pickKRKI.s.C
-7.7352        111.7670       -0.723         
1
1	1	pickSJI.s.C
