-10.88
-10.38
-10.03
-10.33
-10.59
-11.02
-10.9
-10.98
-10.89
-12.0
-10.06
-11.11
-11.41
-10.64
-12.0
-13.0
-12.0
-10.27
-10.81
-12.53
-13.2
-11.81
-12.1
-13.13
-13.27
-13.2
-12.8
-12.94
-37.98
-37.18
-34.71
-35.59
-36.75
-40.66
-39.22
-37.5
-35.93
-34.76
-34.24
-35.75
-39.04
-42.2
-41.02
-40.33
-39.99
-41.35
-35.48
-40.27
-40.48
-38.97
-39.38
-34.45
-30.2
-15.42
-12.07
-14.0
-12.04
-21.0
-22.0
-22.0
-11.04
-13.0
-10.57
-10.25
-10.43
-10.86
-11.0
-11.08
-11.16
-11.18
-11.22
-13.0
-9.69
-10.99
-11.1
-10.54
-10.61
-11.19
-12.33
-11.39
-11.26
-11.49
-11.7
-11.77
-12.19
-12.35
-13.65
-12.36
-16.22
-30.0
-34.18
-34.02
-38.78
-39.75
-41.26
-41.12
-40.5
-41.33
-43.15
-42.81
-41.2
-39.83
-41.82
-39.23
-39.45
-36.93
-35.7
-35.62
-38.51
-38.05
-39.45
-41.93
-40.76
-35.5
-32.73
-26.21
-20.96
-14.77
-12.6
-16.0
-22.0
-21.0
-14.0
-15.0
-10.29
-10.43
-10.66
-11.0
-11.01
-11.1
-11.2
-11.33
-11.28
-14.0
-10.96
-12.26
-12.28
-11.57
-11.32
-11.85
-11.96
-11.66
-11.35
-12.37
-11.42
-11.72
-12.09
-12.34
-13.68
-13.31
-30.0
-29.64
-33.14
-32.44
-38.01
-38.2
-41.11
-41.67
-42.21
-42.92
-45.84
-44.95
-42.38
-40.8
-38.85
-34.19
-35.53
-33.55
-32.49
-34.8
-37.13
-36.98
-39.51
-42.27
-39.25
-35.83
-35.09
-21.92
-18.02
-13.79
-10.68
-14.34
-21.0
-22.0
-14.0
-16.79
-10.2
-10.75
-10.98
-11.28
-11.1
-11.19
-11.29
-11.51
-11.51
-13.0
-10.82
-12.7
-12.8
-12.77
-11.84
-11.95
-12.99
-11.71
-12.21
-11.98
-12.0
-11.93
-12.35
-12.57
-12.02
-21.0
-26.0
-31.07
-34.9
-33.96
-37.58
-38.11
-42.0
-42.1
-44.18
-46.54
-46.31
-45.27
-40.12
-40.52
-38.38
-32.48
-33.24
-32.51
-33.17
-36.43
-38.36
-43.15
-42.68
-38.97
-37.83
-36.78
-35.01
-21.66
-12.5
-11.7
-11.3
-21.0
-22.0
-22.0
-11.87
-12.0
-10.65
-10.95
-11.04
-11.33
-11.31
-11.2
-11.38
-11.46
-11.53
-9.0
-11.45
-12.72
-12.74
-12.99
-12.16
-12.35
-12.47
-11.46
-11.16
-12.07
-12.19
-12.06
-12.41
-12.44
-11.17
-23.0
-24.64
-30.47
-40.37
-37.93
-40.12
-40.09
-42.0
-42.06
-44.47
-47.61
-45.94
-45.59
-44.54
-43.58
-35.06
-33.61
-34.48
-33.48
-34.74
-38.36
-38.96
-42.65
-40.49
-37.41
-36.73
-35.83
-32.74
-20.16
-12.4
-11.4
-16.0
-21.0
-22.0
-21.0
-12.5
-13.62
-11.04
-11.18
-11.29
-11.41
-11.37
-11.58
-11.59
-12.58
-12.63
-11.04
-11.04
-11.82
-11.73
-12.36
-12.3
-12.51
-12.63
-12.72
-12.58
-12.23
-12.14
-12.38
-11.76
-10.86
-12.8
-11.3
-22.0
-31.39
-35.96
-36.41
-36.24
-37.12
-39.71
-40.17
-42.66
-43.43
-43.54
-43.76
-42.94
-46.06
-46.92
-42.11
-40.55
-35.96
-35.74
-38.26
-38.59
-38.48
-38.62
-35.68
-35.84
-32.0
-30.0
-20.0
-13.0
-13.0
-17.0
-20.0
-22.0
-18.0
-13.16
-19.88
-11.27
-11.5
-11.32
-11.52
-11.93
-11.71
-11.79
-11.52
-11.56
-10.96
-10.92
-11.8
-11.83
-12.22
-12.32
-12.36
-12.7
-12.86
-12.72
-12.29
-11.47
-11.45
-11.43
-11.9
-13.03
-13.99
-24.45
-31.15
-34.06
-33.39
-33.24
-36.27
-39.02
-38.88
-37.1
-38.34
-41.43
-42.04
-39.97
-43.37
-47.8
-40.24
-39.32
-36.55
-37.52
-39.57
-38.87
-38.55
-39.09
-36.33
-35.15
-30.0
-28.0
-20.0
-14.0
-14.0
-17.0
-20.0
-22.0
-18.0
-13.64
-25.0
-11.65
-11.52
-11.63
-11.93
-11.97
-12.01
-12.01
-11.74
-11.44
-9.54
-10.76
-11.64
-11.81
-12.09
-12.2
-12.41
-12.76
-13.06
-13.08
-12.89
-13.4
-13.34
-13.24
-13.06
-12.29
-24.27
-25.55
-27.82
-32.82
-31.64
-29.41
-32.21
-35.79
-35.11
-33.72
-31.99
-36.43
-39.8
-46.25
-44.74
-43.99
-42.01
-42.57
-45.49
-46.32
-41.37
-40.09
-39.75
-39.46
-34.08
-32.0
-28.0
-26.0
-15.0
-15.0
-14.0
-20.0
-21.0
-22.0
-13.0
-21.0
-18.0
-11.58
-11.62
-11.77
-12.24
-12.0
-12.0
-12.2
-11.98
-11.7
-10.21
-10.43
-12.08
-12.27
-12.09
-12.3
-12.54
-12.71
-13.05
-13.06
-13.05
-13.75
-13.61
-13.57
-13.23
-11.63
-22.35
-23.55
-25.45
-30.82
-33.18
-29.64
-31.0
-33.07
-34.11
-35.43
-35.23
-38.41
-39.97
-42.07
-42.72
-45.04
-43.58
-42.56
-40.14
-39.27
-38.71
-39.36
-39.06
-36.83
-32.0
-30.0
-27.0
-25.0
-13.0
-12.1
-16.0
-21.0
-17.0
-13.0
-20.0
-17.0
-13.0
-11.78
-11.77
-11.65
-11.83
-12.02
-12.16
-12.14
-12.21
-11.79
-10.94
-10.0
-12.19
-12.35
-12.15
-12.0
-12.67
-12.48
-12.62
-12.92
-14.01
-12.9
-13.78
-13.61
-13.61
-13.39
-19.01
-21.1
-20.97
-23.51
-28.74
-34.73
-34.73
-35.48
-36.33
-39.59
-41.07
-41.49
-40.85
-41.06
-41.95
-48.12
-42.47
-40.77
-37.81
-35.73
-35.44
-35.5
-32.51
-32.0
-29.0
-28.0
-24.0
-16.0
-13.0
-10.0
-13.0
-14.0
-11.0
-11.0
-11.0
-11.0
-15.0
-12.03
-11.87
-11.97
-11.86
-12.01
-12.27
-12.44
-12.2
-12.05
-11.08
-10.84
-12.09
-12.14
-12.46
-12.03
-12.42
-12.37
-12.57
-12.93
-13.06
-14.03
-13.99
-13.68
-12.55
-12.57
-17.46
-18.68
-18.43
-19.04
-19.8
-31.27
-33.45
-35.45
-36.71
-38.78
-41.17
-39.54
-41.0
-41.56
-42.11
-50.09
-43.73
-40.49
-37.73
-36.45
-35.48
-34.76
-31.94
-30.0
-28.0
-26.0
-12.93
-12.0
-11.0
-11.0
-12.0
-12.0
-11.0
-11.0
-11.0
-11.0
-14.0
-12.08
-12.09
-12.15
-12.03
-12.0
-12.02
-11.72
-11.6
-10.78
-10.79
-9.85
-11.88
-12.46
-12.52
-12.58
-11.82
-11.68
-12.43
-12.91
-12.13
-13.42
-12.85
-12.64
-11.54
-12.69
-15.58
-15.74
-15.66
-14.42
-14.42
-21.21
-24.73
-28.18
-31.73
-34.77
-35.13
-27.8
-30.89
-42.43
-43.09
-40.73
-41.63
-40.55
-38.09
-38.09
-37.75
-36.38
-28.0
-28.0
-21.27
-18.62
-17.5
-17.14
-15.0
-11.0
-12.0
-12.0
-11.0
-11.0
-11.0
-13.0
-13.0
-12.16
-12.11
-12.28
-12.08
-11.92
-12.02
-11.64
-11.95
-11.73
-11.0
-9.59
-11.98
-12.42
-12.52
-12.67
-10.96
-11.9
-12.69
-12.85
-11.83
-11.91
-13.0
-11.94
-10.89
-12.45
-12.33
-15.52
-14.96
-13.69
-13.97
-19.73
-23.29
-26.27
-28.73
-31.45
-31.82
-24.18
-27.09
-40.5
-41.48
-39.86
-41.18
-40.64
-39.0
-38.36
-37.99
-36.51
-24.0
-24.0
-17.97
-14.67
-16.23
-16.41
-15.0
-10.0
-10.0
-12.0
-10.0
-10.0
-10.0
-13.0
-14.0
-12.0
-12.08
-12.27
-12.13
-12.1
-12.03
-12.03
-12.06
-12.3
-11.92
-9.79
-12.03
-11.96
-12.42
-12.22
-11.28
-11.72
-11.54
-11.79
-11.84
-11.64
-11.91
-12.01
-12.07
-11.55
-12.09
-11.72
-16.89
-16.79
-16.34
-18.88
-20.69
-24.5
-25.64
-28.18
-29.18
-31.55
-32.91
-34.82
-37.09
-38.0
-38.0
-37.0
-36.0
-35.0
-36.5
-35.0
-27.0
-24.0
-18.58
-16.0
-15.0
-18.0
-18.0
-12.0
-11.0
-11.0
-11.0
-12.0
-11.0
-13.0
-12.0
-11.8
-12.05
-12.05
-12.05
-12.07
-11.85
-11.98
-11.74
-12.18
-11.94
-10.96
-12.29
-12.04
-12.2
-12.43
-12.06
-12.16
-12.43
-12.33
-12.52
-12.55
-13.46
-12.65
-13.23
-16.0
-16.0
-15.0
-17.33
-13.04
-17.0
-31.0
-31.0
-20.0
-25.0
-26.0
-25.0
-24.75
-28.88
-34.0
-34.0
-33.0
-33.0
-33.0
-33.0
-34.0
-35.0
-34.0
-31.0
-29.0
-30.34
-23.85
-21.0
-21.0
-12.0
-12.0
-25.0
-30.0
-30.0
-23.0
-10.65
-9.18
-9.64
-11.71
-12.04
-12.06
-12.04
-12.07
-11.99
-12.02
-11.6
-12.13
-12.02
-10.87
-12.21
-11.93
-12.09
-12.03
-12.03
-12.0
-12.37
-12.15
-12.45
-13.7
-12.7
-16.0
-16.0
-25.0
-27.0
-30.0
-30.0
-31.0
-31.93
-32.0
-32.0
-27.0
-23.0
-30.0
-30.0
-24.75
-25.0
-33.0
-33.0
-32.0
-32.0
-32.0
-32.0
-34.99
-34.97
-32.99
-30.0
-31.84
-24.0
-24.0
-21.0
-15.0
-10.0
-11.0
-30.0
-32.0
-30.0
-25.0
-9.93
-11.0
-11.38
-12.03
-12.05
-12.05
-13.1
-13.05
-12.05
-12.06
-12.04
-12.05
-12.13
-11.15
-11.52
-12.05
-13.02
-13.1
-11.97
-12.09
-11.97
-12.16
-10.32
-20.0
-30.0
-31.71
-30.93
-30.0
-29.99
-30.0
-29.0
-29.0
-29.0
-25.0
-25.0
-23.0
-15.0
-14.0
-15.0
-15.0
-15.0
-16.0
-32.0
-31.99
-32.0
-32.0
-34.97
-34.96
-34.61
-33.81
-33.33
-33.94
-15.0
-13.0
-13.0
-13.0
-14.0
-29.0
-32.0
-34.0
-25.0
-19.0
-10.57
-10.65
-10.56
-10.6
-12.05
-12.04
-12.08
-13.05
-12.04
-11.89
-12.04
-12.04
-12.05
-11.44
-12.73
-12.02
-12.98
-13.06
-11.97
-11.94
-12.14
-13.45
-24.0
-23.0
-30.98
-30.0
-29.0
-29.0
-29.0
-29.0
-29.0
-29.0
-29.0
-33.0
-33.0
-32.0
-23.0
-16.0
-14.0
-15.0
-15.0
-15.0
-29.0
-32.0
-32.0
-32.0
-36.97
-34.77
-33.48
-32.65
-34.42
-27.0
-26.0
-26.0
-28.0
-12.0
-30.0
-30.0
-34.0
-34.0
-25.0
-19.0
-10.26
-9.76
-10.89
-10.44
-12.02
-12.02
-12.03
-13.01
-14.05
-12.19
-12.81
-12.79
-12.65
-10.97
-11.13
-12.63
-12.66
-12.65
-11.86
-11.63
-12.61
-22.0
-32.51
-32.83
-30.99
-29.0
-29.0
-30.0
-30.0
-30.0
-29.99
-30.0
-29.0
-31.7
-31.0
-23.0
-20.0
-15.0
-25.0
-25.0
-24.0
-24.0
-30.0
-34.59
-33.55
-33.65
-34.5
-34.64
-33.91
-27.0
-20.0
-20.0
-20.0
-20.0
-22.0
-25.0
-32.0
-32.0
-30.0
-28.0
-30.0
-18.0
-10.33
-11.74
-11.75
-9.91
-11.78
-12.89
-12.84
-12.8
-12.84
-12.26
-12.74
-12.74
-12.53
-11.28
-12.17
-12.59
-12.67
-12.52
-11.7
-12.75
-22.0
-25.0
-32.7
-32.96
-30.99
-29.0
-29.0
-29.98
-30.97
-31.98
-32.99
-30.0
-29.0
-32.02
-32.3
-23.0
-21.0
-15.0
-23.0
-24.0
-25.0
-26.0
-32.92
-33.94
-34.91
-34.75
-34.93
-32.0
-16.0
-17.0
-20.0
-20.0
-20.0
-20.0
-20.0
-19.0
-32.0
-34.0
-30.0
-30.0
-30.0
-16.0
-10.85
-11.19
-11.15
-9.05
-11.43
-12.59
-12.7
-13.67
-13.65
-13.56
-13.53
-13.59
-12.59
-11.32
-11.9
-12.57
-12.56
-12.55
-12.61
-12.0
-28.0
-32.47
-32.94
-33.0
-29.0
-29.0
-29.0
-30.89
-30.79
-31.68
-32.8
-32.93
-31.0
-30.0
-30.0
-30.0
-30.0
-23.0
-23.0
-26.0
-25.0
-30.0
-32.0
-24.0
-16.0
-12.0
-13.0
-14.0
-11.0
-12.0
-10.0
-11.0
-12.0
-13.0
-13.0
-13.0
-16.0
-30.0
-28.0
-30.0
-15.0
-12.0
-11.46
-11.41
-11.12
-20.0
-11.06
-12.41
-12.68
-12.67
-13.53
-14.39
-14.51
-14.51
-12.52
-12.41
-12.2
-12.48
-13.44
-13.43
-13.73
-23.0
-32.57
-31.69
-30.98
-30.0
-29.0
-29.0
-30.0
-30.9
-30.94
-31.44
-32.48
-32.9
-31.0
-30.0
-30.0
-30.0
-30.0
-22.0
-22.0
-31.0
-26.0
-17.0
-10.91
-10.92
-12.33
-12.2
-11.46
-11.25
-11.01
-11.42
-11.82
-12.26
-11.87
-11.73
-12.22
-12.51
-15.0
-26.0
-26.0
-30.0
-15.0
-11.79
-11.33
-11.39
-11.38
-21.0
-11.19
-11.87
-11.71
-12.27
-14.41
-14.36
-14.31
-14.27
-13.27
-11.9
-10.65
-12.01
-14.47
-12.69
-26.0
-29.0
-32.56
-30.0
-30.92
-30.93
-29.0
-29.0
-29.0
-29.0
-28.99
-31.76
-32.27
-32.5
-30.94
-13.46
-13.99
-15.21
-14.13
-23.0
-21.0
-22.0
-10.88
-10.6
-10.97
-11.05
-11.28
-11.48
-11.27
-10.82
-12.0
-12.25
-11.55
-11.51
-11.54
-11.51
-11.83
-11.5
-15.0
-16.0
-16.0
-20.0
-11.5
-11.87
-11.39
-11.34
-11.44
-20.0
-10.95
-10.55
-11.51
-13.27
-14.31
-14.26
-13.15
-13.17
-13.16
-12.07
-9.57
-11.99
-12.72
-22.0
-27.0
-33.92
-29.0
-26.0
-30.84
-30.0
-29.0
-29.0
-29.0
-29.0
-29.0
-30.95
-31.71
-31.67
-30.99
-12.83
-14.63
-15.05
-13.94
-23.0
-19.0
-12.0
-11.42
-10.74
-10.95
-11.76
-11.63
-11.63
-11.34
-10.95
-10.15
-10.99
-11.45
-11.46
-11.44
-12.01
-11.79
-11.65
-9.91
-10.73
-11.09
-11.36
-11.66
-10.57
-11.53
-11.55
-11.56
-20.0
-10.33
-10.53
-11.59
-12.75
-12.49
-14.11
-14.03
-13.98
-12.96
-12.88
-10.05
-11.75
-22.0
-22.0
-30.0
-30.0
-29.0
-33.88
-30.85
-30.0
-30.0
-30.0
-30.0
-28.0
-28.0
-25.0
-29.0
-30.41
-30.86
-28.0
-25.0
-13.6
-13.83
-23.0
-16.0
-12.64
-12.46
-11.97
-10.54
-11.81
-11.57
-11.56
-11.21
-10.91
-9.54
-10.49
-10.79
-11.27
-10.78
-10.77
-11.72
-11.47
-10.74
-10.98
-10.91
-11.53
-11.29
-11.47
-11.41
-11.67
-11.68
-21.0
-10.23
-11.04
-10.76
-23.0
-26.0
-12.73
-14.92
-14.86
-12.86
-12.85
-10.77
-11.56
-22.0
-22.0
-25.0
-30.0
-30.0
-30.9
-30.0
-30.0
-30.0
-29.0
-29.0
-23.0
-23.0
-20.0
-20.0
-29.81
-29.96
-17.0
-20.0
-18.0
-12.79
-31.0
-21.0
-12.41
-12.61
-12.25
-10.98
-11.87
-11.49
-11.4
-10.97
-10.95
-9.5
-10.08
-10.63
-10.67
-10.38
-10.08
-11.22
-10.64
-11.44
-11.24
-10.27
-10.29
-11.32
-11.66
-11.68
-11.7
-11.68
-9.22
-28.54
-35.91
-31.0
-32.0
-22.0
-15.8
-15.74
-14.72
-13.62
-13.58
-11.28
-11.31
-22.0
-17.0
-28.0
-30.0
-30.86
-30.0
-30.0
-30.0
-30.0
-28.0
-26.0
-22.0
-23.0
-23.0
-23.0
-23.0
-23.0
-23.0
-18.0
-30.0
-31.0
-30.61
-22.0
-12.73
-12.81
-12.71
-12.02
-10.53
-10.36
-10.22
-10.03
-10.48
-9.28
-10.04
-9.4
-9.87
-9.5
-9.44
-10.32
-10.65
-11.82
-11.7
-11.98
-12.06
-11.27
-11.31
-11.52
-11.54
-11.41
-23.55
-35.0
-39.17
-36.84
-34.99
-16.57
-17.62
-15.51
-15.5
-15.43
-15.36
-12.33
-11.56
-17.0
-15.0
-28.0
-30.0
-29.99
-30.0
-30.0
-29.98
-30.0
-29.97
-28.0
-20.0
-12.0
-10.87
-23.0
-23.0
-23.0
-23.0
-23.0
-30.0
-30.89
-30.0
-13.04
-12.66
-12.83
-12.96
-12.93
-11.3
-11.88
-11.7
-11.04
-10.77
-12.16
-12.06
-10.83
-11.86
-12.21
-12.64
-12.79
-12.71
-12.67
-12.59
-12.5
-12.5
-10.57
-10.69
-11.36
-11.34
-12.0
-17.87
-39.64
-47.73
-40.14
-35.97
-16.5
-17.54
-15.42
-15.38
-16.28
-15.23
-12.19
-13.76
-22.0
-17.0
-28.0
-30.0
-30.87
-30.0
-30.0
-31.71
-31.35
-34.43
-33.63
-20.0
-11.69
-12.19
-10.67
-23.0
-23.0
-23.0
-25.0
-29.98
-31.0
-28.0
-13.56
-12.62
-12.78
-12.95
-12.92
-11.74
-11.92
-11.87
-11.14
-10.69
-13.68
-13.64
-12.3
-12.17
-12.69
-12.92
-12.89
-12.81
-12.81
-12.75
-12.46
-12.58
-11.87
-10.59
-11.59
-12.0
-12.0
-20.97
-42.81
-43.59
-33.28
-37.58
-17.39
-18.38
-15.22
-16.15
-18.06
-18.02
-12.94
-12.01
-25.0
-24.0
-28.0
-30.0
-32.77
-32.0
-33.91
-33.98
-33.9
-37.49
-35.29
-13.74
-13.35
-12.0
-12.12
-12.19
-12.01
-12.0
-28.0
-31.0
-29.98
-12.39
-12.09
-12.59
-12.79
-12.95
-12.92
-11.17
-12.17
-11.92
-11.7
-11.71
-10.11
-10.58
-10.47
-14.35
-12.37
-12.98
-12.94
-13.04
-14.08
-14.07
-12.73
-12.7
-12.42
-11.91
-11.1
-12.26
-12.15
-25.52
-41.25
-40.47
-35.69
-35.37
-16.13
-17.23
-15.12
-16.03
-18.94
-17.91
-14.8
-12.8
-25.0
-30.0
-30.0
-30.0
-33.8
-33.98
-33.74
-33.86
-34.83
-37.13
-34.13
-23.0
-20.0
-11.49
-12.18
-12.1
-12.16
-13.0
-30.0
-28.0
-27.0
-13.04
-12.26
-12.63
-12.68
-12.66
-12.49
-11.19
-12.05
-11.97
-11.72
-11.89
-10.4
-10.6
-9.2
-12.13
-12.29
-12.66
-12.95
-12.99
-12.49
-13.61
-12.76
-12.73
-11.62
-11.89
-11.65
-11.71
-11.88
-37.62
-39.54
-36.85
-33.54
-33.81
-33.0
-26.0
-14.95
-15.8
-16.65
-17.65
-16.45
-13.42
-27.0
-32.0
-30.0
-31.99
-34.78
-33.82
-34.77
-34.82
-35.72
-31.77
-32.95
-23.0
-24.0
-11.32
-11.5
-11.72
-11.93
-19.0
-30.55
-17.0
-11.22
-10.59
-11.69
-12.42
-12.35
-12.65
-12.9
-11.59
-12.04
-12.02
-11.83
-11.83
-10.64
-10.04
-9.49
-10.13
-12.24
-11.8
-12.33
-12.13
-11.61
-12.55
-12.85
-12.73
-12.6
-12.58
-11.76
-11.94
-12.05
-36.08
-37.01
-36.7
-32.46
-31.74
-38.31
-34.77
-14.37
-15.66
-16.43
-17.36
-16.25
-14.27
-27.0
-31.0
-31.96
-32.78
-35.74
-35.66
-34.77
-34.81
-36.22
-32.95
-31.95
-25.0
-22.0
-17.21
-12.1
-11.87
-11.85
-16.0
-30.0
-20.0
-11.45
-10.64
-11.88
-12.33
-12.48
-12.81
-12.93
-11.95
-12.05
-11.99
-11.69
-11.78
-10.65
-10.2
-9.84
-12.0
-13.23
-12.01
-11.23
-11.23
-11.64
-12.63
-12.74
-12.71
-12.53
-12.49
-12.01
-12.22
-11.89
-36.47
-35.79
-36.1
-39.65
-41.47
-38.28
-40.88
-35.7
-32.0
-22.0
-22.0
-23.0
-23.0
-30.0
-33.67
-34.42
-35.27
-36.33
-37.41
-36.05
-33.9
-34.7
-32.75
-32.18
-31.68
-25.5
-23.24
-24.03
-14.59
-12.06
-12.61
-13.0
-13.0
-12.16
-12.62
-12.44
-12.61
-12.79
-12.98
-13.02
-12.81
-11.48
-11.73
-11.96
-11.72
-10.19
-10.57
-9.66
-10.62
-11.47
-11.43
-11.91
-12.27
-12.69
-12.72
-11.82
-12.4
-11.87
-11.74
-12.13
-11.97
-11.51
-35.79
-35.31
-38.5
-46.72
-44.03
-36.97
-37.22
-37.87
-36.66
-29.0
-27.0
-28.0
-28.0
-34.65
-34.71
-34.2
-35.9
-36.09
-36.32
-36.23
-35.65
-34.8
-32.45
-32.45
-30.95
-28.16
-25.96
-25.98
-27.0
-23.0
-12.11
-9.78
-10.36
-13.43
-12.75
-12.58
-12.4
-12.69
-12.92
-13.0
-12.86
-11.21
-11.6
-11.75
-11.66
-9.94
-10.64
-9.51
-10.69
-11.07
-10.97
-12.22
-12.7
-12.43
-12.04
-11.71
-12.28
-11.26
-11.65
-10.97
-12.46
-12.43
-33.14
-39.07
-43.42
-40.03
-52.45
-38.4
-34.31
-39.95
-46.27
-37.97
-35.99
-37.0
-34.99
-34.84
-35.67
-34.26
-33.15
-32.14
-30.0
-33.48
-36.22
-40.91
-31.04
-30.07
-29.79
-29.71
-29.92
-29.89
-28.99
-29.0
-31.2
-37.95
-15.9
-13.39
-12.48
-12.61
-12.04
-12.45
-12.78
-12.65
-11.39
-11.8
-11.74
-11.54
-11.09
-9.81
-10.37
-13.45
-13.38
-12.46
-12.66
-12.74
-12.52
-12.02
-11.93
-12.18
-12.37
-12.17
-12.12
-12.45
-12.76
-12.84
-33.09
-38.75
-43.52
-39.54
-52.23
-41.67
-41.68
-43.29
-53.36
-37.94
-38.87
-38.99
-38.94
-35.84
-35.68
-33.35
-31.28
-32.67
-33.24
-35.86
-36.62
-31.82
-30.92
-31.24
-30.82
-30.8
-30.19
-30.07
-29.88
-29.99
-33.64
-39.39
-17.02
-14.96
-12.58
-12.89
-12.54
-11.89
-11.76
-11.42
-12.47
-11.43
-11.88
-11.47
-10.49
-9.91
-11.88
-12.92
-12.92
-12.36
-12.59
-12.39
-11.56
-12.45
-12.5
-12.16
-12.19
-12.42
-12.35
-12.63
-12.99
-13.01
-40.1
-39.66
-34.73
-37.75
-37.82
-45.89
-45.91
-43.68
-48.17
-44.26
-42.54
-35.13
-35.45
-40.34
-40.65
-44.55
-34.48
-41.99
-43.93
-42.42
-43.5
-38.93
-39.65
-39.31
-31.16
-33.52
-33.42
-33.65
-31.92
-31.34
-31.46
-31.46
-22.38
-24.0
-24.0
-24.0
-17.5
-12.49
-10.17
-10.23
-11.62
-11.64
-12.23
-11.18
-9.6
-9.65
-10.26
-11.7
-11.9
-11.56
-12.55
-12.59
-12.49
-12.77
-12.82
-12.95
-12.88
-12.84
-12.71
-12.8
-13.07
-13.11
-38.98
-38.51
-37.3
-34.83
-34.86
-35.89
-38.91
-44.63
-42.48
-44.73
-45.79
-35.58
-41.77
-35.3
-40.44
-39.52
-44.03
-46.84
-47.46
-47.58
-47.6
-42.62
-38.09
-39.66
-33.76
-33.48
-33.6
-33.63
-33.06
-32.51
-31.42
-32.0
-28.0
-28.0
-24.0
-24.0
-27.0
-11.72
-11.4
-11.81
-11.87
-12.21
-11.9
-11.05
-9.77
-9.03
-11.52
-11.43
-12.2
-12.66
-12.98
-12.79
-12.68
-12.86
-12.93
-13.02
-12.97
-12.83
-12.84
-12.53
-12.74
-12.84
-39.8
-41.64
-41.73
-42.81
-42.82
-45.33
-49.05
-50.9
-46.33
-64.09
-65.42
-68.44
-62.77
-49.38
-51.0
-56.64
-56.87
-58.47
-55.72
-46.32
-43.63
-48.96
-40.98
-40.2
-36.59
-33.73
-33.09
-31.14
-32.46
-32.8
-30.17
-29.77
-30.0
-30.0
-30.0
-30.0
-27.0
-21.62
-11.78
-10.49
-11.02
-11.63
-11.26
-10.1
-9.9
-10.91
-14.04
-12.8
-12.94
-12.93
-13.12
-12.97
-12.94
-13.02
-13.06
-12.98
-12.92
-12.82
-12.8
-12.86
-12.71
-12.64
-39.83
-46.54
-51.2
-55.06
-58.03
-59.1
-59.77
-62.93
-67.36
-68.85
-68.88
-66.39
-66.11
-65.65
-63.91
-66.24
-67.89
-60.74
-58.16
-58.17
-46.76
-41.16
-41.51
-41.16
-37.9
-36.25
-31.65
-31.64
-32.09
-32.26
-31.77
-32.08
-32.0
-30.0
-30.0
-30.0
-30.0
-30.0
-19.85
-13.34
-12.52
-11.49
-12.25
-10.5
-10.07
-14.06
-12.72
-13.01
-13.14
-13.17
-13.14
-12.91
-12.86
-12.84
-12.64
-12.28
-12.35
-12.65
-12.82
-12.99
-13.0
-12.92
-40.85
-48.68
-52.93
-57.47
-59.33
-59.74
-60.88
-65.96
-66.75
-69.18
-69.18
-69.19
-65.48
-68.75
-66.17
-67.5
-67.87
-61.27
-59.1
-56.91
-44.83
-41.48
-41.38
-41.0
-38.76
-37.34
-33.86
-34.51
-35.11
-33.2
-31.93
-32.5
-31.0
-30.0
-30.0
-30.0
-30.0
-30.0
-26.06
-16.92
-12.48
-11.99
-12.9
-12.0
-10.09
-14.41
-12.72
-13.0
-13.07
-12.65
-12.5
-12.64
-13.02
-12.65
-13.09
-12.27
-11.94
-12.61
-12.83
-12.98
-13.0
-12.94
