   144.91409300000001       -0.0000000000000000     
   144.86860700000000       -0.0000000000000000     
   134.33900499999999       -0.0000000000000000     
   123.60500300000000       -0.0000000000000000     
   124.69419900000000       -0.0000000000000000     
   124.97899600000000       -0.0000000000000000     
   118.73000300000000       -0.0000000000000000     
   121.07800300000000       -0.0000000000000000     
   116.21469900000000       -0.0000000000000000     
   112.63500200000000       -0.0000000000000000     
   120.61900300000001       -0.0000000000000000     
   107.61750000000001       -0.0000000000000000     
   103.31900000000000       -0.0000000000000000     
   100.39700300000000       -0.0000000000000000     
   101.02549700000000       -0.0000000000000000     
   100.61699700000000       -0.0000000000000000     
   98.924003600000006       -0.0000000000000000     
   101.41100299999999       -0.0000000000000000     
   99.002998399999996       -0.0000000000000000     
   98.943801899999997       -0.0000000000000000     
   152.16299400000000       -0.0000000000000000     
   134.33900499999999       -0.0000000000000000     
   123.60500300000000       -0.0000000000000000     
   124.97899600000000       -0.0000000000000000     
   121.07800300000000       -0.0000000000000000     
   112.63500200000000       -0.0000000000000000     
   107.61750000000001       -0.0000000000000000     
   100.39700300000000       -0.0000000000000000     
   101.02549700000000       -0.0000000000000000     
   100.61699700000000       -0.0000000000000000     
   98.924003600000006       -0.0000000000000000     
   101.41100299999999       -0.0000000000000000     
   124.69419900000000       -0.0000000000000000     
   124.83989699999999       -0.0000000000000000     
   123.73400100000001       -0.0000000000000000     
   118.73000300000000       -0.0000000000000000     
   121.07800300000000       -0.0000000000000000     
   116.21469900000000       -0.0000000000000000     
   116.89630099999999       -0.0000000000000000     
   120.61900300000001       -0.0000000000000000     
   119.47000100000000       -0.0000000000000000     
   123.60500300000000       -0.0000000000000000     
   144.86860700000000       -0.0000000000000000     
   112.63500200000000       -0.0000000000000000     
   103.31900000000000       -0.0000000000000000     
   101.02549700000000       -0.0000000000000000     
   100.61699700000000       -0.0000000000000000     
   101.41100299999999       -0.0000000000000000     
   98.924003600000006       -0.0000000000000000     
   98.564498900000004       -0.0000000000000000     
   99.002998399999996       -0.0000000000000000     
   98.943801899999997       -0.0000000000000000     
   124.69419900000000       -0.0000000000000000     
   123.73400100000001       -0.0000000000000000     
   124.83989699999999       -0.0000000000000000     
   121.07800300000000       -0.0000000000000000     
   118.73000300000000       -0.0000000000000000     
   116.21469900000000       -0.0000000000000000     
   134.33900499999999       -0.0000000000000000     
   107.61750000000001       -0.0000000000000000     
   101.41100299999999       -0.0000000000000000     
   103.31900000000000       -0.0000000000000000     
   100.61699700000000       -0.0000000000000000     
   101.02549700000000       -0.0000000000000000     
   99.002998399999996       -0.0000000000000000     
   98.943801899999997       -0.0000000000000000     
   100.39700300000000       -0.0000000000000000     
   98.924003600000006       -0.0000000000000000     
   124.69419900000000       -0.0000000000000000     
   123.73400100000001       -0.0000000000000000     
   124.83989699999999       -0.0000000000000000     
   121.07800300000000       -0.0000000000000000     
   118.73000300000000       -0.0000000000000000     
   116.21469900000000       -0.0000000000000000     
   134.33900499999999       -0.0000000000000000     
   107.61750000000001       -0.0000000000000000     
   101.41100299999999       -0.0000000000000000     
   103.31900000000000       -0.0000000000000000     
   100.61699700000000       -0.0000000000000000     
   101.02549700000000       -0.0000000000000000     
   99.002998399999996       -0.0000000000000000     
   98.943801899999997       -0.0000000000000000     
   100.39700300000000       -0.0000000000000000     
   98.924003600000006       -0.0000000000000000     
   121.07800300000000       -0.0000000000000000     
   123.73400100000001       -0.0000000000000000     
   124.97899600000000       -0.0000000000000000     
   118.73000300000000       -0.0000000000000000     
   124.69419900000000       -0.0000000000000000     
   98.943801899999997       -0.0000000000000000     
   99.002998399999996       -0.0000000000000000     
   101.02549700000000       -0.0000000000000000     
   103.31900000000000       -0.0000000000000000     
   119.47000100000000       -0.0000000000000000     
   98.924003600000006       -0.0000000000000000     
   107.61750000000001       -0.0000000000000000     
   134.33900499999999       -0.0000000000000000     
   144.91409300000001       -0.0000000000000000     
   144.86860700000000       -0.0000000000000000     
   144.86839300000000       -0.0000000000000000     
   124.83989699999999       -0.0000000000000000     
   123.60500300000000       -0.0000000000000000     
   124.69419900000000       -0.0000000000000000     
   124.97899600000000       -0.0000000000000000     
   119.47000100000000       -0.0000000000000000     
   123.73400100000001       -0.0000000000000000     
   116.89630099999999       -0.0000000000000000     
   121.07800300000000       -0.0000000000000000     
   118.73000300000000       -0.0000000000000000     
   120.45600100000000       -0.0000000000000000     
   112.63500200000000       -0.0000000000000000     
   107.61750000000001       -0.0000000000000000     
   103.31900000000000       -0.0000000000000000     
   101.02549700000000       -0.0000000000000000     
   100.61699700000000       -0.0000000000000000     
   101.41100299999999       -0.0000000000000000     
   98.924003600000006       -0.0000000000000000     
   98.564498900000004       -0.0000000000000000     
   99.002998399999996       -0.0000000000000000     
   98.943801899999997       -0.0000000000000000     
   121.07800300000000       -0.0000000000000000     
   120.45600100000000       -0.0000000000000000     
   123.73400100000001       -0.0000000000000000     
   124.97899600000000       -0.0000000000000000     
   118.73000300000000       -0.0000000000000000     
   124.69419900000000       -0.0000000000000000     
   116.89630099999999       -0.0000000000000000     
   101.41100299999999       -0.0000000000000000     
   119.47000100000000       -0.0000000000000000     
   99.002998399999996       -0.0000000000000000     
   98.943801899999997       -0.0000000000000000     
   144.91409300000001       -0.0000000000000000     
   100.61699700000000       -0.0000000000000000     
   103.31900000000000       -0.0000000000000000     
   112.63500200000000       -0.0000000000000000     
   123.60500300000000       -0.0000000000000000     
   107.61750000000001       -0.0000000000000000     
   134.33900499999999       -0.0000000000000000     
   101.41100299999999       -0.0000000000000000     
   99.002998399999996       -0.0000000000000000     
   98.943801899999997       -0.0000000000000000     
   107.61750000000001       -0.0000000000000000     
   112.63500200000000       -0.0000000000000000     
   118.73000300000000       -0.0000000000000000     
   121.07800300000000       -0.0000000000000000     
   120.45600100000000       -0.0000000000000000     
   124.69419900000000       -0.0000000000000000     
   124.83989699999999       -0.0000000000000000     
   124.97899600000000       -0.0000000000000000     
   126.01799800000001       -0.0000000000000000     
   123.60500300000000       -0.0000000000000000     
   134.33900499999999       -0.0000000000000000     
   147.15899700000000       -0.0000000000000000     
   101.41100299999999       -0.0000000000000000     
   99.002998399999996       -0.0000000000000000     
   98.943801899999997       -0.0000000000000000     
   107.61750000000001       -0.0000000000000000     
   112.63500200000000       -0.0000000000000000     
   118.73000300000000       -0.0000000000000000     
   121.07800300000000       -0.0000000000000000     
   120.45600100000000       -0.0000000000000000     
   124.69419900000000       -0.0000000000000000     
   124.83989699999999       -0.0000000000000000     
   124.97899600000000       -0.0000000000000000     
   126.01799800000001       -0.0000000000000000     
   123.60500300000000       -0.0000000000000000     
   134.33900499999999       -0.0000000000000000     
   147.15899700000000       -0.0000000000000000     
   107.61750000000001       -0.0000000000000000     
   103.31900000000000       -0.0000000000000000     
   101.64499700000000       -0.0000000000000000     
   98.924003600000006       -0.0000000000000000     
   98.564498900000004       -0.0000000000000000     
   101.02549700000000       -0.0000000000000000     
   100.61699700000000       -0.0000000000000000     
   119.47000100000000       -0.0000000000000000     
   116.21469900000000       -0.0000000000000000     
   123.60500300000000       -0.0000000000000000     
   118.73000300000000       -0.0000000000000000     
   124.83989699999999       -0.0000000000000000     
   98.943801899999997       -0.0000000000000000     
   124.69419900000000       -0.0000000000000000     
   125.57900200000000       -0.0000000000000000     
   126.01799800000001       -0.0000000000000000     
   121.07800300000000       -0.0000000000000000     
   123.73400100000001       -0.0000000000000000     
   120.45600100000000       -0.0000000000000000     
   147.15899700000000       -0.0000000000000000     
   126.01799800000001       -0.0000000000000000     
   124.69419900000000       -0.0000000000000000     
   124.83989699999999       -0.0000000000000000     
   124.97899600000000       -0.0000000000000000     
   123.73400100000001       -0.0000000000000000     
   118.73000300000000       -0.0000000000000000     
   116.21469900000000       -0.0000000000000000     
   121.07800300000000       -0.0000000000000000     
   119.47000100000000       -0.0000000000000000     
   120.45600100000000       -0.0000000000000000     
   123.60500300000000       -0.0000000000000000     
   107.61750000000001       -0.0000000000000000     
   103.31900000000000       -0.0000000000000000     
   101.02549700000000       -0.0000000000000000     
   100.61699700000000       -0.0000000000000000     
   99.002998399999996       -0.0000000000000000     
   98.943801899999997       -0.0000000000000000     
   126.01799800000001       -0.0000000000000000     
   124.69419900000000       -0.0000000000000000     
   124.83989699999999       -0.0000000000000000     
   124.97899600000000       -0.0000000000000000     
   123.73400100000001       -0.0000000000000000     
   118.73000300000000       -0.0000000000000000     
   116.21469900000000       -0.0000000000000000     
   121.07800300000000       -0.0000000000000000     
   119.47000100000000       -0.0000000000000000     
   120.45600100000000       -0.0000000000000000     
   123.60500300000000       -0.0000000000000000     
   107.61750000000001       -0.0000000000000000     
   103.31900000000000       -0.0000000000000000     
   101.02549700000000       -0.0000000000000000     
   100.61699700000000       -0.0000000000000000     
   99.002998399999996       -0.0000000000000000     
   98.943801899999997       -0.0000000000000000     
   126.01799800000001       -0.0000000000000000     
   124.69419900000000       -0.0000000000000000     
   124.97899600000000       -0.0000000000000000     
   123.73400100000001       -0.0000000000000000     
   121.07800300000000       -0.0000000000000000     
   124.83989699999999       -0.0000000000000000     
   120.45600100000000       -0.0000000000000000     
   116.21469900000000       -0.0000000000000000     
   120.61900300000001       -0.0000000000000000     
   116.89630099999999       -0.0000000000000000     
   112.63500200000000       -0.0000000000000000     
   103.31900000000000       -0.0000000000000000     
   107.61750000000001       -0.0000000000000000     
   101.41100299999999       -0.0000000000000000     
   101.02549700000000       -0.0000000000000000     
   100.61699700000000       -0.0000000000000000     
   100.39700300000000       -0.0000000000000000     
   99.002998399999996       -0.0000000000000000     
   98.924003600000006       -0.0000000000000000     
   98.943801899999997       -0.0000000000000000     
   134.33900499999999       -0.0000000000000000     
   146.25399800000000       -0.0000000000000000     
   107.61750000000001       -0.0000000000000000     
   112.63500200000000       -0.0000000000000000     
   116.89630099999999       -0.0000000000000000     
   119.47000100000000       -0.0000000000000000     
   100.39700300000000       -0.0000000000000000     
   98.924003600000006       -0.0000000000000000     
   101.02549700000000       -0.0000000000000000     
   123.60500300000000       -0.0000000000000000     
   98.564498900000004       -0.0000000000000000     
   116.21469900000000       -0.0000000000000000     
   100.61699700000000       -0.0000000000000000     
   124.83989699999999       -0.0000000000000000     
   118.73000300000000       -0.0000000000000000     
   125.57900200000000       -0.0000000000000000     
   124.69419900000000       -0.0000000000000000     
   126.01799800000001       -0.0000000000000000     
   101.41100299999999       -0.0000000000000000     
   124.97899600000000       -0.0000000000000000     
   121.07800300000000       -0.0000000000000000     
   123.73400100000001       -0.0000000000000000     
   99.002998399999996       -0.0000000000000000     
   134.33900499999999       -0.0000000000000000     
   120.45600100000000       -0.0000000000000000     
   98.943801899999997       -0.0000000000000000     
   120.61900300000001       -0.0000000000000000     
   139.55299400000001       -0.0000000000000000     
   144.86839300000000       -0.0000000000000000     
   144.91409300000001       -0.0000000000000000     
