   144.91409300000001        13.539699600000001     
   144.86860700000000        13.589099900000001     
   134.33900499999999       -19.942600299999999     
   123.60500300000000       -10.151300400000000     
   124.69419900000000        8.4547996500000000     
   124.97899600000000        11.164999999999999     
   118.73000300000000        9.7761001600000004     
   121.07800300000000        14.659999800000000     
   116.21469900000000        6.0443000800000002     
   112.63500200000000       -7.7039999999999997     
   120.61900300000001        18.325000800000002     
   107.61750000000001       -6.8266000699999996     
   103.31900000000000        2.0157001000000001     
   100.39700300000000      -0.45680001399999998     
   101.02549700000000        4.4794998200000000     
   100.61699700000000        7.1770000500000002     
   98.924003600000006        2.8010001199999999     
   101.41100299999999        14.680800400000001     
   99.002998399999996        17.244300800000001     
   98.943801899999997        18.813800799999999     
   152.16299400000000       -4.1926999100000000     
   134.33900499999999       -19.942600299999999     
   123.60500300000000       -10.151300400000000     
   124.97899600000000        11.164999999999999     
   121.07800300000000        14.659999800000000     
   112.63500200000000       -7.7039999999999997     
   107.61750000000001       -6.8266000699999996     
   100.39700300000000      -0.45680001399999998     
   101.02549700000000        4.4794998200000000     
   100.61699700000000        7.1770000500000002     
   98.924003600000006        2.8010001199999999     
   101.41100299999999        14.680800400000001     
   124.69419900000000        8.4547996500000000     
   124.83989699999999        1.4438999900000000     
   123.73400100000001        13.156200399999999     
   118.73000300000000        9.7761001600000004     
   121.07800300000000        14.659999800000000     
   116.21469900000000        6.0443000800000002     
   116.89630099999999       -1.2604999500000000     
   120.61900300000001        18.325000800000002     
   119.47000100000000       -5.2178001399999996     
   123.60500300000000       -10.151300400000000     
   144.86860700000000        13.589099900000001     
   112.63500200000000       -7.7039999999999997     
   103.31900000000000        2.0157001000000001     
   101.02549700000000        4.4794998200000000     
   100.61699700000000        7.1770000500000002     
   101.41100299999999        14.680800400000001     
   98.924003600000006        2.8010001199999999     
   98.564498900000004        3.5007998900000001     
   99.002998399999996        17.244300800000001     
   98.943801899999997        18.813800799999999     
   124.69419900000000        8.4547996500000000     
   123.73400100000001        13.156200399999999     
   124.83989699999999        1.4438999900000000     
   121.07800300000000        14.659999800000000     
   118.73000300000000        9.7761001600000004     
   116.21469900000000        6.0443000800000002     
   134.33900499999999       -19.942600299999999     
   107.61750000000001       -6.8266000699999996     
   101.41100299999999        14.680800400000001     
   103.31900000000000        2.0157001000000001     
   100.61699700000000        7.1770000500000002     
   101.02549700000000        4.4794998200000000     
   99.002998399999996        17.244300800000001     
   98.943801899999997        18.813800799999999     
   100.39700300000000      -0.45680001399999998     
   98.924003600000006        2.8010001199999999     
   124.69419900000000        8.4547996500000000     
   123.73400100000001        13.156200399999999     
   124.83989699999999        1.4438999900000000     
   121.07800300000000        14.659999800000000     
   118.73000300000000        9.7761001600000004     
   116.21469900000000        6.0443000800000002     
   134.33900499999999       -19.942600299999999     
   107.61750000000001       -6.8266000699999996     
   101.41100299999999        14.680800400000001     
   103.31900000000000        2.0157001000000001     
   100.61699700000000        7.1770000500000002     
   101.02549700000000        4.4794998200000000     
   99.002998399999996        17.244300800000001     
   98.943801899999997        18.813800799999999     
   100.39700300000000      -0.45680001399999998     
   98.924003600000006        2.8010001199999999     
   121.07800300000000        14.659999800000000     
   123.73400100000001        13.156200399999999     
   124.97899600000000        11.164999999999999     
   118.73000300000000        9.7761001600000004     
   124.69419900000000        8.4547996500000000     
   98.943801899999997        18.813800799999999     
   99.002998399999996        17.244300800000001     
   101.02549700000000        4.4794998200000000     
   103.31900000000000        2.0157001000000001     
   119.47000100000000       -5.2178001399999996     
   98.924003600000006        2.8010001199999999     
   107.61750000000001       -6.8266000699999996     
   134.33900499999999       -19.942600299999999     
   144.91409300000001        13.539699600000001     
   144.86860700000000        13.589099900000001     
   144.86839300000000        13.589300200000000     
   124.83989699999999        1.4438999900000000     
   123.60500300000000       -10.151300400000000     
   124.69419900000000        8.4547996500000000     
   124.97899600000000        11.164999999999999     
   119.47000100000000       -5.2178001399999996     
   123.73400100000001        13.156200399999999     
   116.89630099999999       -1.2604999500000000     
   121.07800300000000        14.659999800000000     
   118.73000300000000        9.7761001600000004     
   120.45600100000000        17.551000599999998     
   112.63500200000000       -7.7039999999999997     
   107.61750000000001       -6.8266000699999996     
   103.31900000000000        2.0157001000000001     
   101.02549700000000        4.4794998200000000     
   100.61699700000000        7.1770000500000002     
   101.41100299999999        14.680800400000001     
   98.924003600000006        2.8010001199999999     
   98.564498900000004        3.5007998900000001     
   99.002998399999996        17.244300800000001     
   98.943801899999997        18.813800799999999     
   121.07800300000000        14.659999800000000     
   120.45600100000000        17.551000599999998     
   123.73400100000001        13.156200399999999     
   124.97899600000000        11.164999999999999     
   118.73000300000000        9.7761001600000004     
   124.69419900000000        8.4547996500000000     
   116.89630099999999       -1.2604999500000000     
   101.41100299999999        14.680800400000001     
   119.47000100000000       -5.2178001399999996     
   99.002998399999996        17.244300800000001     
   98.943801899999997        18.813800799999999     
   144.91409300000001        13.539699600000001     
   100.61699700000000        7.1770000500000002     
   103.31900000000000        2.0157001000000001     
   112.63500200000000       -7.7039999999999997     
   123.60500300000000       -10.151300400000000     
   107.61750000000001       -6.8266000699999996     
   134.33900499999999       -19.942600299999999     
   101.41100299999999        14.680800400000001     
   99.002998399999996        17.244300800000001     
   98.943801899999997        18.813800799999999     
   107.61750000000001       -6.8266000699999996     
   112.63500200000000       -7.7039999999999997     
   118.73000300000000        9.7761001600000004     
   121.07800300000000        14.659999800000000     
   120.45600100000000        17.551000599999998     
   124.69419900000000        8.4547996500000000     
   124.83989699999999        1.4438999900000000     
   124.97899600000000        11.164999999999999     
   126.01799800000001        7.8972001100000000     
   123.60500300000000       -10.151300400000000     
   134.33900499999999       -19.942600299999999     
   147.15899700000000       -9.4062004100000003     
   101.41100299999999        14.680800400000001     
   99.002998399999996        17.244300800000001     
   98.943801899999997        18.813800799999999     
   107.61750000000001       -6.8266000699999996     
   112.63500200000000       -7.7039999999999997     
   118.73000300000000        9.7761001600000004     
   121.07800300000000        14.659999800000000     
   120.45600100000000        17.551000599999998     
   124.69419900000000        8.4547996500000000     
   124.83989699999999        1.4438999900000000     
   124.97899600000000        11.164999999999999     
   126.01799800000001        7.8972001100000000     
   123.60500300000000       -10.151300400000000     
   134.33900499999999       -19.942600299999999     
   147.15899700000000       -9.4062004100000003     
   107.61750000000001       -6.8266000699999996     
   103.31900000000000        2.0157001000000001     
   101.64499700000000        3.1024999599999998     
   98.924003600000006        2.8010001199999999     
   98.564498900000004        3.5007998900000001     
   101.02549700000000        4.4794998200000000     
   100.61699700000000        7.1770000500000002     
   119.47000100000000       -5.2178001399999996     
   116.21469900000000        6.0443000800000002     
   123.60500300000000       -10.151300400000000     
   118.73000300000000        9.7761001600000004     
   124.83989699999999        1.4438999900000000     
   98.943801899999997        18.813800799999999     
   124.69419900000000        8.4547996500000000     
   125.57900200000000        7.0700001700000001     
   126.01799800000001        7.8972001100000000     
   121.07800300000000        14.659999800000000     
   123.73400100000001        13.156200399999999     
   120.45600100000000        17.551000599999998     
   147.15899700000000       -9.4062004100000003     
   126.01799800000001        7.8972001100000000     
   124.69419900000000        8.4547996500000000     
   124.83989699999999        1.4438999900000000     
   124.97899600000000        11.164999999999999     
   123.73400100000001        13.156200399999999     
   118.73000300000000        9.7761001600000004     
   116.21469900000000        6.0443000800000002     
   121.07800300000000        14.659999800000000     
   119.47000100000000       -5.2178001399999996     
   120.45600100000000        17.551000599999998     
   123.60500300000000       -10.151300400000000     
   107.61750000000001       -6.8266000699999996     
   103.31900000000000        2.0157001000000001     
   101.02549700000000        4.4794998200000000     
   100.61699700000000        7.1770000500000002     
   99.002998399999996        17.244300800000001     
   98.943801899999997        18.813800799999999     
   126.01799800000001        7.8972001100000000     
   124.69419900000000        8.4547996500000000     
   124.83989699999999        1.4438999900000000     
   124.97899600000000        11.164999999999999     
   123.73400100000001        13.156200399999999     
   118.73000300000000        9.7761001600000004     
   116.21469900000000        6.0443000800000002     
   121.07800300000000        14.659999800000000     
   119.47000100000000       -5.2178001399999996     
   120.45600100000000        17.551000599999998     
   123.60500300000000       -10.151300400000000     
   107.61750000000001       -6.8266000699999996     
   103.31900000000000        2.0157001000000001     
   101.02549700000000        4.4794998200000000     
   100.61699700000000        7.1770000500000002     
   99.002998399999996        17.244300800000001     
   98.943801899999997        18.813800799999999     
   126.01799800000001        7.8972001100000000     
   124.69419900000000        8.4547996500000000     
   124.97899600000000        11.164999999999999     
   123.73400100000001        13.156200399999999     
   121.07800300000000        14.659999800000000     
   124.83989699999999        1.4438999900000000     
   120.45600100000000        17.551000599999998     
   116.21469900000000        6.0443000800000002     
   120.61900300000001        18.325000800000002     
   116.89630099999999       -1.2604999500000000     
   112.63500200000000       -7.7039999999999997     
   103.31900000000000        2.0157001000000001     
   107.61750000000001       -6.8266000699999996     
   101.41100299999999        14.680800400000001     
   101.02549700000000        4.4794998200000000     
   100.61699700000000        7.1770000500000002     
   100.39700300000000      -0.45680001399999998     
   99.002998399999996        17.244300800000001     
   98.924003600000006        2.8010001199999999     
   98.943801899999997        18.813800799999999     
   134.33900499999999       -19.942600299999999     
   146.25399800000000       -20.088300700000001     
   107.61750000000001       -6.8266000699999996     
   112.63500200000000       -7.7039999999999997     
   116.89630099999999       -1.2604999500000000     
   119.47000100000000       -5.2178001399999996     
   100.39700300000000      -0.45680001399999998     
   98.924003600000006        2.8010001199999999     
   101.02549700000000        4.4794998200000000     
   123.60500300000000       -10.151300400000000     
   98.564498900000004        3.5007998900000001     
   116.21469900000000        6.0443000800000002     
   100.61699700000000        7.1770000500000002     
   124.83989699999999        1.4438999900000000     
   118.73000300000000        9.7761001600000004     
   125.57900200000000        7.0700001700000001     
   124.69419900000000        8.4547996500000000     
   126.01799800000001        7.8972001100000000     
   101.41100299999999        14.680800400000001     
   124.97899600000000        11.164999999999999     
   121.07800300000000        14.659999800000000     
   123.73400100000001        13.156200399999999     
   99.002998399999996        17.244300800000001     
   134.33900499999999       -19.942600299999999     
   120.45600100000000        17.551000599999998     
   98.943801899999997        18.813800799999999     
   120.61900300000001        18.325000800000002     
   139.55299400000001       -20.715000199999999     
   144.86839300000000        13.589300200000000     
   144.91409300000001        13.539699600000001     
