   150.11900299999999       -35.000000000000000     
   150.27600100000001       -35.000000000000000     
   126.87899800000000       -87.199996900000002     
   144.06100499999999       -25.000000000000000     
   121.41700000000000       -21.600000399999999     
   154.81899999999999       -480.00000000000000     
   121.95099600000000       -25.000000000000000     
   97.537002599999994       -30.000000000000000     
   103.13400300000001       -30.000000000000000     
   125.35800200000000       -210.00000000000000     
   126.30699900000000       -30.000000000000000     
   108.69300100000000       -63.000000000000000     
