   150.11900299999999       -5.9250001900000004     
   150.27600100000001       -6.1290001900000002     
   126.87899800000000        6.3369998900000004     
   144.06100499999999        12.204999900000001     
   121.41700000000000        22.990999200000001     
   154.81899999999999       -4.5799999199999997     
   121.95099600000000        16.117000600000001     
   97.537002599999994        4.1030001599999997     
   103.13400300000001       -5.5450000800000003     
   125.35800200000000        5.3530001599999997     
   126.30699900000000        9.0129995300000001     
   108.69300100000000       -7.9060001399999997     
