1305        
0.7722         127.3670       -0.043         
1
2	1	pickTNTI.p.M
-3.4360        119.3830       -0.23          
1
1	1	pickTANI.p.C
-19.9421       134.3510       -0.388         
1
2	1	pickWB2.p.M
-18.0973       125.6400       -0.117         
1
2	1	pickFITZ.p.M
18.4573        98.9430        -0.307         
1
2	1	pickCMAR.p.M
-9.4059        147.1590       -0.065         
1
2	1	pickPMG.p.M
4.4799         101.0250       -0.247         
1
2	1	pickIPM.p.M
-19.9421       134.3390       -0.389         
1
2	1	pickWR1.p.M
4.4799         101.0250       -0.247         
1
1	1	pickIPM.p.C
-12.8432       131.1330       -0.137         
1
2	1	pickMTN.p.M
-3.9645        119.7690       -0.0           
1
2	1	pickSPSI.p.M
-8.7235        115.5320       -0.4           
1
2	1	pickRATI.p.M
7.0699         125.5790       -0.146         
1
2	1	pickDAV.p.M
16.3366        102.8230       -0.14          
1
2	1	pickKKTK.p.M
-4.5221        129.9040       -0.016         
1
2	1	pickBNDI.p.M
4.2936         117.8720       -0.062         
1
2	1	pickTSM.p.M
-20.0878       146.2540       -0.357         
1
2	1	pickCTA.p.M
23.7867        120.9540       -0.45          
1
2	1	pickSSLB.p.M
-6.6652        147.0020       -0.072         
1
2	1	pickLAT.p.M
1.3037         97.5760        -0.107         
1
2	1	pickGSI.p.M
-3.3464        128.9280       -0.082         
1
2	1	pickMSAI.p.M
2.8007         98.9240        -0.987         
1
2	1	pickPSI.p.M
6.0442         116.2150       -0.83          
1
2	1	pickKKM.p.M
-10.2059       123.6630       -0.356         
1
2	1	pickBATI.p.M
-2.0417        147.4020       -0.01          
1
2	1	pickMOM.p.M
22.3018        114.1740       -0.027         
1
2	1	pickHKC.p.M
0.0654         111.4770       -0.088         
1
2	1	pickSTKI.p.M
14.6801        101.4110       -0.36          
1
2	1	pickPCT.p.M
-6.6129        105.6930       -0.0           
1
2	1	pickCGJI.p.M
-2.9195        132.2490       -0.136         
1
2	1	pickFAKI.p.M
20.2285        100.3730       -0.357         
1
2	1	pickCRAI.p.M
-6.1710        106.6460       -0.014         
1
2	1	pickTNG.p.M
13.5393        144.9140       -0.287         
1
2	1	pickGUA.p.M
-8.8272        117.7760       -0.125         
1
2	1	pickPLAI.p.M
-12.7114       132.4400       -0.1           
1
2	1	pickKAKA.p.M
-3.6866        128.1950       -0.08          
1
2	1	pickAAI.p.M
-3.9574        122.6190       -0.055         
1
2	1	pickKDI.p.M
8.5826         123.3520       -0.005         
1
2	1	pickDCPH.p.M
-7.7040        112.6350       -0.0           
1
2	1	pickTRT.p.M
0.6363         123.0100       -0.0           
1
2	1	pickGTOI.p.M
-0.4571        100.3970       -0.0           
1
2	1	pickPPI.p.M
15.6718        100.1330       -0.034         
1
2	1	pickNST.p.M
-6.5535        106.7500       -0.211         
1
2	1	pickDBJI.p.M
12.0030        120.1990       -0.066         
1
2	1	pickBUSP.p.M
17.2437        99.0030        -0.154         
1
2	1	pickBDT.p.M
-13.9568       143.1750       -0.285         
1
2	1	pickCOEN.p.M
18.8132        98.9440        -0.316         
1
2	1	pickCHTO.p.M
-4.4003        120.1060       -0.0           
1
2	1	pickBNSI.p.M
-20.0878       146.2540       -0.357         
1
1	1	pickCTAO.p.C
-7.9123        110.5230       -0.35          
1
2	1	pickUGM.p.M
-3.2386        127.1000       -0.0           
1
2	1	pickNLAI.p.M
-19.9421       134.3390       -0.419         
1
2	1	pickWRA.p.M
-19.9421       134.3510       -0.388         
1
1	1	pickWB2.p.C
-9.7380        150.8140       -0.046         
1
2	1	pickESA.p.M
20.4406        121.9640       -0.04          
1
2	1	pickBBP.p.M
-5.0174        104.0590       -0.938         
1
2	1	pickLWLI.p.M
-0.9111        121.6490       -0.0           
1
2	1	pickAPSI.p.M
7.1765         100.6170       -0.004         
1
2	1	pickSNG.p.M
7.8791         125.0620       -0.471         
1
2	1	pickBUKP.p.M
-19.9461       134.3620       -0.385         
1
2	1	pickWR2.p.M
8.9570         98.7950        -0.026         
1
2	1	pickSURT.p.M
-23.6642       133.9050       -0.627         
1
2	1	pickAS31.p.M
-20.5572       139.6050       -0.33          
1
2	1	pickQIS.p.M
15.5582        99.4450        -0.129         
1
2	1	pickUTHA.p.M
5.6405         117.1950       -0.523         
1
2	1	pickSDKM.p.M
-6.3008        155.4910       -0.699         
1
2	1	pickPAA.p.M
18.7991        100.7000       -0.264         
1
2	1	pickNANT.p.M
-0.9413        114.8960       -0.115         
1
2	1	pickMTKI.p.M
3.1027         101.6450       -0.046         
1
2	1	pickKLM.p.M
13.5011        120.9530       -0.375         
1
2	1	pickPGP.p.M
-8.6359        122.2380       -0.137         
1
2	1	pickMMRI.p.M
-5.3214        120.1220       -0.0           
1
1	1	pickBKSI.p.C
-1.1910        136.1070       -0.089         
1
2	1	pickBAKI.p.M
-21.1582       119.7310       -0.194         
1
2	1	pickMBWA.p.M
-23.6662       133.9010       -0.555         
1
2	1	pickASPA.p.M
1.4729         110.3080       -0.066         
1
2	1	pickKSM.p.M
-7.9828        131.3000       -0.11          
1
2	1	pickSAUI.p.M
-5.3214        120.1220       -0.0           
1
2	1	pickBKSI.p.M
12.3612        122.0210       -0.12          
1
2	1	pickOTRP.p.M
6.0864         124.9490       -1.05          
1
2	1	pickGSPH.p.M
18.8132        98.9440        -0.416         
1
1	1	pickCHG.p.C
6.9460         126.2570       -0.12          
1
2	1	pickMATI.p.M
-0.6383        127.5010       -0.114         
1
2	1	pickLBMI.p.M
-8.2163        114.4910       -0.591         
1
2	1	pickKELI.p.M
5.1795         118.5000       -0.0           
1
2	1	pickMYLDM.p.M
7.0699         125.5790       -0.146         
1
1	1	pickDAV.p.C
-6.4196        106.8500       -0.0           
1
2	1	pickCBJI.p.M
8.4548         124.6940       -0.05          
1
2	1	pickCGP.p.M
-10.4494       105.6880       -0.262         
1
2	1	pickXMI.p.M
19.0293        109.8430       -0.23          
1
2	1	pickQIZ.p.M
-19.9330       134.3500       -0.366         
1
2	1	pickWRAB.p.M
18.4201        98.9590        -0.292         
1
2	1	pickCM01.p.M
-2.5148        140.7050       -0.4           
1
2	1	pickJAY.p.M
-19.9330       134.3500       -0.366         
1
1	1	pickWRAB.p.C
7.8479         123.3820       -0.05          
1
2	1	pickPAGZ.p.M
10.3166        123.9660       -0.135         
1
2	1	pickLLP.p.M
11.6781        122.3380       -0.015         
1
2	1	pickKALP.p.M
11.2061        119.4250       -0.027         
1
1	1	pickENPP.p.C
-8.4518        114.9490       -0.5           
1
2	1	pickRANI.p.M
-10.4806       105.6520       -0.244         
1
2	1	pickXMIS.p.M
8.1841         126.3610       -0.044         
1
2	1	pickBIPH.p.M
-18.1335       144.3170       -0.46          
1
1	1	pickMTSU.p.C
-23.6642       133.9510       -0.605         
1
2	1	pickAS01.p.M
-4.1930        152.1630       -0.185         
1
2	1	pickRAB.p.M
22.3450        120.3630       -0.08          
1
2	1	pickTWP.p.M
3.2366         101.6250       -0.098         
1
2	1	pickFRIM.p.M
-3.6574        120.3230       -0.24          
1
2	1	pickBUNI.p.M
11.5593        122.7450       -0.14          
1
2	1	pickRCP.p.M
23.0865        113.3440       -0.011         
1
2	1	pickGZH.p.M
-6.5927        106.9100       -0.85          
1
2	1	pickPACI.p.M
-2.5873        150.8120       -0.01          
1
2	1	pickKVG.p.M
11.1649        124.9790       -0.133         
1
2	1	pickPLP.p.M
10.1334        124.8590       -0.05          
1
2	1	pickMSLP.p.M
-23.6822       133.8970       -0.6           
1
2	1	pickASP.p.M
-23.6642       133.9050       -0.627         
1
1	1	pickAS31.p.C
22.3490        91.8170        -0.035         
1
2	1	pickCHT.p.M
-2.1615        106.1360       -0.064         
1
2	1	pickPPBI.p.M
18.4573        98.9430        -0.307         
1
1	1	pickCMAR.p.C
-2.7574        107.6530       -0.007         
1
2	1	pickTPI.p.M
-23.6662       133.9040       -0.607         
1
2	1	pickASAR.p.M
23.9766        121.6050       -0.016         
1
2	1	pickHWA.p.M
21.2939        106.2290       -0.015         
1
2	1	pickBGV.p.M
-2.0497        125.9880       -0.03          
1
1	1	pickSANI.p.C
17.4056        101.7300       -0.259         
1
2	1	pickLOE.p.M
23.7938        85.8860        -0.282         
1
2	1	pickBOK.p.M
13.5886        144.8690       -0.099         
1
2	1	pickGUMO.p.M
17.7022        121.8220       -0.06          
1
2	1	pickCVP.p.M
-7.7835        108.4490       -0.0           
1
2	1	pickCMJI.p.M
17.7203        83.3290        -0.082         
1
2	1	pickVIS.p.M
-4.1930        152.1620       -0.18          
1
2	1	pickERB.p.M
18.3246        120.6190       -0.15          
1
2	1	pickPIP.p.M
8.2243         126.2500       -0.2           
1
2	1	pickBIP.p.M
-8.4699        114.1520       -0.171         
1
2	1	pickJAGI.p.M
-8.4699        114.1520       -0.171         
1
1	1	pickJAGI.p.C
-5.2681        141.2210       -0.7           
1
2	1	pickTZZ.p.M
14.6600        121.0780       -0.07          
1
1	1	pickMAN.p.C
-4.8634        104.8570       -0.032         
1
1	1	pickKLI.p.C
-5.3526        102.2770       -0.036         
1
2	1	pickEGSI.p.M
-9.4059        147.1590       -0.065         
1
1	1	pickPMG.p.C
16.5699        100.9700       -0.008         
1
2	1	pickPBKT.p.M
7.7875         122.5710       -0.05          
1
2	1	pickIPIL.p.M
-8.1579        112.4520       -0.0           
1
2	1	pickKRKI.p.M
-7.7352        111.7670       -0.723         
1
2	1	pickSJI.p.M
-2.5923        140.1680       -0.047         
1
2	1	pickGENI.p.M
14.6600        121.0780       -0.07          
1
2	1	pickMAN.p.M
13.3230        122.6750       -0.05          
1
1	1	pickAUQP.p.C
7.8922         98.3350        -0.053         
1
2	1	pickPKDT.p.M
-0.9051        119.8370       -0.15          
1
2	1	pickPCI.p.M
18.8122        98.9480        -0.399         
1
2	1	pickCMMT.p.M
3.2004         113.0830       -0.156         
1
1	1	pickBTM.p.C
-3.0454        119.8190       -0.0           
1
2	1	pickTTSI.p.M
7.0829         125.5080       -0.15          
1
2	1	pickDMPH.p.M
-1.0420        122.7720       -0.006         
1
2	1	pickLUWI.p.M
-10.1506       123.6050       -0.0           
1
2	1	pickKUPT.p.M
23.2995        120.6300       -0.37          
1
2	1	pickTPUB.p.M
-5.5237        104.4970       -0.0           
1
2	1	pickKASI.p.M
1.7900         103.8500       -0.0           
1
2	1	pickMYKOM.p.M
-7.7452        113.5950       -0.0           
1
2	1	pickBLJI.p.M
15.2796        105.4700       -0.12          
1
2	1	pickUBPT.p.M
1.3611         103.7730       -0.064         
1
2	1	pickBTDF.p.M
12.5101        124.6630       -0.0           
1
2	1	pickCNP.p.M
22.0054        120.7380       -0.022         
1
2	1	pickHEN.p.M
16.3406        145.7120       -0.314         
1
2	1	pickANA2.p.M
6.9189         122.0630       -0.19          
1
2	1	pickZMP.p.M
-6.1197        106.1300       -0.0           
1
2	1	pickSBJI.p.M
16.9742        103.9810       -0.254         
1
2	1	pickSKNT.p.M
0.4772         121.9410       -0.0           
1
2	1	pickMRSI.p.M
-0.0544        98.2800        -0.0           
1
2	1	pickPBSI.p.M
5.3275         103.1340       -0.056         
1
2	1	pickKTGM.p.M
14.6368        121.0770       -0.058         
1
2	1	pickQCP.p.M
-8.3642        115.6080       -0.0           
1
2	1	pickKHKI.p.M
13.3230        122.6750       -0.05          
1
2	1	pickAUQP.p.M
5.2902         100.6500       -0.074         
1
2	1	pickKULM.p.M
-6.6733        146.9130       -0.05          
1
2	1	pickLAE.p.M
6.1046         125.7110       -0.1           
1
2	1	pickDDMP.p.M
-8.0834        115.2130       -0.06          
1
2	1	pickJEHI.p.M
-3.9645        119.7690       -0.0           
1
1	1	pickSPSI.p.C
12.9096        99.6300        -0.1           
1
2	1	pickPHET.p.M
7.0085         125.0900       -0.598         
1
2	1	pickKCP.p.M
0.9182         104.5260       -0.041         
1
1	1	pickTPRI.p.C
7.2208         124.2460       -0.05          
1
2	1	pickCTBH.p.M
-15.7493       128.7670       -0.06          
1
2	1	pickKNA.p.M
-21.1582       119.7310       -0.194         
1
1	1	pickMBWA.p.C
-20.7140       139.5530       -0.5           
1
2	1	pickISQ.p.M
9.7762         118.7300       -0.015         
1
2	1	pickPPR.p.M
14.7273        121.9390       -0.032         
1
2	1	pickPOLP.p.M
-15.6768       128.7630       -0.101         
1
2	1	pickKNRA.p.M
22.3018        114.1740       -0.027         
1
1	1	pickHKC.p.C
-7.0497        113.9670       -0.0           
1
2	1	pickKMMI.p.M
20.8256        105.3520       -0.03          
1
2	1	pickHBVN.p.M
-19.9421       134.3390       -0.419         
1
1	1	pickWRA.p.C
-20.0878       146.2540       -0.357         
1
2	1	pickCTAO.p.M
13.5886        144.8690       -0.099         
1
1	1	pickGUMO.p.C
-4.4859        104.1780       -0.0           
1
2	1	pickMDSI.p.M
9.3424         123.2360       -0.52          
1
2	1	pickSNPH.p.M
-4.1930        152.1630       -0.185         
1
1	1	pickRAB.p.C
13.5886        144.8680       -0.199         
1
2	1	pickPJG.p.M
-7.7040        112.6350       -0.0           
1
1	1	pickTRT.p.C
-19.9592       134.3460       -0.394         
1
2	1	pickWRB.p.M
-1.2604        116.8960       -0.0           
1
2	1	pickBKB.p.M
-4.1910        152.1640       -0.277         
1
2	1	pickRABL.p.M
13.5957        124.1540       -0.05          
1
2	1	pickPVCP.p.M
-0.9322        101.4280       -0.0           
1
2	1	pickSDSI.p.M
8.7970         117.8010       -0.054         
1
2	1	pickBATP.p.M
-0.8628        131.2600       -0.088         
1
2	1	pickSWI.p.M
18.5467        105.7000       -0.005         
1
2	1	pickVIV.p.M
-23.6662       133.9040       -0.607         
1
1	1	pickASAR.p.C
9.1663         99.6300        -0.0           
1
1	1	pickSURA.p.C
-4.8634        104.8570       -0.032         
1
2	1	pickKLI.p.M
-7.3326        108.9310       -0.0           
1
2	1	pickKPJI.p.M
-12.1902       96.8350        0.069          
1
2	1	pickCOCO.p.M
18.8132        98.9440        -0.416         
1
2	1	pickCHG.p.M
-3.2990        116.1670       -0.0           
1
2	1	pickKBKI.p.M
7.3436         134.4740       -0.01          
1
2	1	pickPALU.p.M
18.4573        98.9430        -0.307         
1
2	1	pickCM31.p.M
1.6128         99.3170        -1.1           
1
2	1	pickMRPI.p.M
18.8132        98.9440        -0.316         
1
1	1	pickCHTO.p.C
17.6489        120.7120       -0.05          
1
2	1	pickABRA.p.M
10.4192        121.9440       -0.05          
1
2	1	pickAAP.p.M
17.4820        99.6310        -0.058         
1
2	1	pickSUKH.p.M
-5.0144        119.7520       -0.03          
1
2	1	pickKAPI.p.M
5.1795         118.5000       -0.0           
1
1	1	pickMYLDM.p.C
-18.1024       125.6430       -0.11          
1
2	1	pickFITZ*.p.M
-5.2177        119.4700       -0.028         
1
2	1	pickMKS.p.M
18.0632        103.1460       -0.141         
1
2	1	pickNONG.p.M
14.3491        99.1210        -0.122         
1
2	1	pickSRDT.p.M
-5.4875        122.5700       -0.104         
1
2	1	pickBBSI.p.M
-22.6424       114.2340       -0.111         
1
2	1	pickGIRL.p.M
23.3517        121.2970       -0.26          
1
2	1	pickTWF1.p.M
3.6856         125.5290       -0.1           
1
2	1	pickSGSI.p.M
2.8007         98.9240        -0.987         
1
1	1	pickPSI.p.C
14.1017        120.9370       -0.6           
1
1	1	pickTGY.p.C
12.5896        99.7340        -0.106         
1
2	1	pickNNT.p.M
14.7968        98.5890        -0.164         
1
2	1	pickKHLT.p.M
-3.4360        119.3830       -0.23          
1
2	1	pickTANI.p.M
18.7991        100.7000       -0.264         
1
1	1	pickNANT.p.C
-23.6822       133.8970       -0.6           
1
1	1	pickASP.p.C
-22.5610       115.5290       -0.08          
1
2	1	pickNANU.p.M
23.8832        91.2500        -0.017         
1
2	1	pickAGT.p.M
0.5748         123.9810       -0.0           
1
2	1	pickKMSI.p.M
-8.8181        115.1460       -0.0           
1
2	1	pickIGBI.p.M
-8.0220        111.8040       -0.0           
1
2	1	pickPWJI.p.M
17.5091        101.2640       -0.306         
1
2	1	pickLOEI.p.M
-6.1197        106.1300       -0.0           
1
1	1	pickSBJI.p.C
3.5497         98.6830        -0.032         
1
2	1	pickMED.p.M
-5.2500        145.7800       -0.027         
1
2	1	pickMDG.p.M
23.3919        121.2970       -0.295         
1
2	1	pickYULB.p.M
-12.1902       96.8350        0.069          
1
1	1	pickCOCO.p.C
22.7529        121.1470       -0.009         
1
2	1	pickTTN.p.M
2.8853         98.1570        -0.82          
1
2	1	pickLARI.p.M
-6.8675        109.1210       -0.044         
1
2	1	pickTGJI.p.M
19.8707        99.7830        -0.0           
1
2	1	pickCHRT.p.M
13.7335        120.2460       -0.05          
1
1	1	pickLUBP.p.C
1.4426         124.8400       -0.128         
1
2	1	pickMNI.p.M
14.1017        120.9370       -0.6           
1
2	1	pickTGY.p.M
12.3612        122.0210       -0.12          
1
1	1	pickOTRP.p.C
17.7434        100.5540       -0.063         
1
2	1	pickUTTA.p.M
-18.0973       125.6400       -0.117         
1
1	1	pickFITZ.p.C
-3.6514        102.5930       -0.539         
1
2	1	pickKSI.p.M
13.5011        120.9530       -0.375         
1
1	1	pickPGP.p.C
9.6907         123.8620       -0.12          
1
2	1	pickTBP.p.M
-23.6662       133.9010       -0.555         
1
1	1	pickASPA.p.C
11.6006        125.4380       -0.048         
1
2	1	pickBESP.p.M
-5.8509        112.6580       -0.058         
1
2	1	pickBWJI.p.M
-19.8777       134.3660       -0.371         
1
2	1	pickWB5.p.M
13.1560        123.7340       -0.019         
1
2	1	pickLGP.p.M
-6.1428        120.4900       -0.114         
1
2	1	pickBSSI.p.M
2.0155         103.3190       -0.103         
1
2	1	pickKGM.p.M
0.3262         101.0400       -0.065         
1
1	1	pickBKNI.p.C
7.1997         124.2000       -0.05          
1
2	1	pickCTB.p.M
11.6559        92.7430        -0.017         
1
2	1	pickPBA.p.M
-15.6768       128.7630       -0.101         
1
1	1	pickKNRA.p.C
-19.9592       134.5410       -0.353         
1
2	1	pickWR0.p.M
-6.7347        147.0090       -0.1           
1
2	1	pickLML.p.M
14.0111        102.0430       -0.097         
1
2	1	pickSRAK.p.M
-8.8181        115.1450       -0.202         
1
2	1	pickINGI.p.M
22.3450        120.3630       -0.08          
1
1	1	pickTWP.p.C
3.5215         97.7710        -0.205         
1
2	1	pickKCSI.p.M
-21.1592       119.8330       -0.2           
1
2	1	pickMBL.p.M
-7.3084        107.1300       -0.0           
1
2	1	pickCNJI.p.M
-3.4883        152.1850       -0.27          
1
2	1	pickEKN.p.M
-5.5660        105.1710       -0.2           
1
2	1	pickPENI.p.M
17.5504        120.4560       -0.05          
1
2	1	pickSZP.p.M
5.2902         100.6500       -0.074         
1
1	1	pickKULM.p.C
-2.0427        147.3660       -0.142         
1
2	1	pickMANU.p.M
0.7953         99.5800        -0.0           
1
2	1	pickMNSI.p.M
-20.0878       146.2540       -0.357         
1
1	1	pickCTA.p.C
8.9691         125.6210       -0.068         
1
2	1	pickBUTP.p.M
-7.3678        111.4610       -0.0           
1
2	1	pickNGJI.p.M
-23.6642       133.9510       -0.605         
1
1	1	pickAS01.p.C
-7.3457        146.7170       -1.083         
1
2	1	pickWAU.p.M
-12.4075       130.8180       -0.006         
1
2	1	pickDAR.p.M
-22.5610       115.5290       -0.08          
1
1	1	pickNANU.p.C
-6.9883        145.0730       -0.3           
1
2	1	pickPUR.p.M
23.0393        120.2280       0.19           
1
2	1	pickTAI1.p.M
-8.3703        114.6200       -0.0           
1
2	1	pickNBBI.p.M
-4.2312        152.2200       -0.031         
1
2	1	pickTAV.p.M
9.7812         125.4890       -0.049         
1
2	1	pickSCPH.p.M
23.8631        120.2810       -0.004         
1
2	1	pickWTCT.p.M
16.3808        119.9130       -0.071         
1
2	1	pickBOLP.p.M
17.2437        99.0030        -0.154         
1
1	1	pickBDT.p.C
-7.8167        110.2950       -0.16          
1
2	1	pickYOGI.p.M
-9.7551        124.2670       -1.047         
1
2	1	pickSOEI.p.M
19.0293        109.8430       -0.23          
1
1	1	pickQIZ.p.C
-7.2017        146.6200       -0.7           
1
2	1	pickBLLO.p.M
10.8499        121.0180       -0.196         
1
2	1	pickCUYO.p.M
-8.1579        112.4520       -0.0           
1
1	1	pickKRKI.p.C
13.8985        121.8660       -0.3           
1
2	1	pickTAY.p.M
-19.3681       138.3290       -0.234         
1
2	1	pickSC07.p.M
23.4773        120.3000       -0.016         
1
1	1	pickWLGB.p.C
3.2598         97.1800        -0.009         
1
2	1	pickTPTI.p.M
-8.6772        115.2100       -0.015         
1
2	1	pickDNP.p.M
-12.7114       132.4400       -0.1           
1
1	1	pickKAKA.p.C
3.2366         101.6250       -0.098         
1
1	1	pickFRIM.p.C
12.3572        123.6240       -0.011         
1
2	1	pickMMPH.p.M
17.7203        83.3290        -0.082         
1
1	1	pickVIS.p.C
-7.3326        109.7100       -0.629         
1
2	1	pickBJII.p.M
5.2288         96.9470        -0.003         
1
2	1	pickLHMI.p.M
-8.4789        114.1420       -0.29          
1
2	1	pickSRDI.p.M
11.2061        119.4250       -0.027         
1
2	1	pickENPP.p.M
18.4201        98.9590        -0.292         
1
1	1	pickCM01.p.C
6.9159         116.8330       -0.004         
1
2	1	pickKDM.p.M
-10.1506       123.6050       -0.0           
1
1	1	pickKUPT.p.C
14.7847        98.5920        -0.173         
1
2	1	pickKHT.p.M
22.8203        121.0720       -0.195         
1
2	1	pickTWG.p.M
-19.9340       134.3570       -0.366         
1
2	1	pickWCB.p.M
0.3262         101.0400       -0.065         
1
2	1	pickBKNI.p.M
15.7402        121.5760       -0.05          
1
2	1	pickBALP.p.M
2.1021         98.4540        -0.84          
1
2	1	pickAEKI.p.M
-6.5777        146.7130       -0.065         
1
2	1	pickNADZ.p.M
10.3226        123.9810       -0.137         
1
2	1	pickMAP.p.M
-9.6403        119.3910       -0.457         
1
1	1	pickWBSI.p.C
16.3376        102.8230       -0.135         
1
2	1	pickKHON.p.M
8.7970         117.8010       -0.054         
1
1	1	pickBATP.p.C
-0.8688        131.2660       -0.193         
1
2	1	pickSIJI.p.M
-7.0054        106.5560       -0.1           
1
2	1	pickSKJI.p.M
-2.7051        111.6700       -0.074         
1
2	1	pickPBKI.p.M
-20.5572       139.6050       -0.33          
1
1	1	pickQIS.p.C
23.2995        120.6300       -0.37          
1
1	1	pickTPUB.p.C
1.8896         98.9250        -1.0           
1
2	1	pickPCBI.p.M
-3.4621        114.8410       -0.11          
1
1	1	pickBBKI.p.C
-7.3678        111.4610       -0.0           
1
1	1	pickNGJI.p.C
17.8610        121.2430       -0.05          
1
2	1	pickAPYP.p.M
-6.6894        105.5890       -0.22          
1
2	1	pickPASI.p.M
-4.3601        102.9560       -0.154         
1
2	1	pickMNAI.p.M
-8.2142        114.3560       -0.0           
1
2	1	pickBYJI.p.M
-1.5111        134.1770       -0.106         
1
2	1	pickRKPI.p.M
6.9541         122.0640       -0.059         
1
2	1	pickZMPH.p.M
10.6255        122.5890       -0.05          
1
2	1	pickGUIM.p.M
-7.9123        110.5230       -0.35          
1
1	1	pickUGM.p.C
7.8479         123.3820       -0.05          
1
1	1	pickPAGZ.p.C
1.4729         110.3080       -0.066         
1
1	1	pickKSM.p.C
-2.5873        150.8120       -0.01          
1
1	1	pickKVG.p.C
4.2665         96.4040        -0.058         
1
2	1	pickMLSI.p.M
19.3601        99.8690        -0.408         
1
2	1	pickPAYA.p.M
-21.5723       119.8460       -0.244         
1
2	1	pickPSA00.p.M
-10.1506       123.6050       -0.052         
1
2	1	pickKUG.p.M
-8.7376        116.8820       -0.087         
1
2	1	pickTWSI.p.M
-2.0910        101.4620       -0.811         
1
2	1	pickKRJI.p.M
23.9766        121.6050       -0.016         
1
1	1	pickHWA.p.C
8.2213         99.1970        -0.058         
1
2	1	pickKRAB.p.M
0.3373         119.8980       -0.0           
1
2	1	pickMPSI.p.M
-2.5098        140.4170       -0.3           
1
2	1	pickMENI.p.M
23.1739        120.1940       -0.007         
1
2	1	pickSCLT.p.M
-2.0497        125.9880       -0.03          
1
2	1	pickSANI.p.M
23.5969        120.6780       -0.84          
1
2	1	pickCHN5.p.M
12.2093        109.2120       -0.005         
1
2	1	pickNHA.p.M
13.9045        122.4460       -0.05          
1
2	1	pickGQP.p.M
11.1649        124.9790       -0.133         
1
1	1	pickPLP.p.C
-3.6614        133.7040       -0.0           
1
2	1	pickKMPI.p.M
-2.1615        106.1360       -0.064         
1
1	1	pickPPBI.p.C
22.7248        120.4910       -0.03          
1
2	1	pickSGLT.p.M
-22.5440       115.5000       -0.08          
1
2	1	pickNAU.p.M
7.2208         124.2460       -0.05          
1
1	1	pickCTBH.p.C
10.8499        121.0180       -0.196         
1
1	1	pickCUYO.p.C
-5.5248        151.5080       -0.004         
1
2	1	pickPNB.p.M
-10.2190       120.5780       -0.081         
1
2	1	pickBASI.p.M
18.5216        99.6320        -0.247         
1
2	1	pickLAMP.p.M
23.4974        120.4240       -0.027         
1
1	1	pickCHY.p.C
-9.6685        120.2980       -0.048         
1
2	1	pickWSI.p.M
-5.2177        119.4700       -0.028         
1
1	1	pickMKS.p.C
20.2949        85.8060        -0.003         
1
2	1	pickBWNR.p.M
-6.1831        106.8360       -0.008         
1
2	1	pickDJA.p.M
22.3711        120.6200       -0.074         
1
2	1	pickSCZT.p.M
-7.5550        107.8150       -0.544         
1
2	1	pickCISI.p.M
0.9182         104.5260       -0.041         
1
2	1	pickTPRI.p.M
11.0512        124.6090       -0.13          
1
1	1	pickOCLP.p.C
2.4504         112.2200       -0.031         
1
2	1	pickSBUM.p.M
21.3331        103.9050       -0.7           
1
1	1	pickSLVN.p.C
12.9096        99.6300        -0.1           
1
1	1	pickPHET.p.C
-0.8688        131.2660       -0.193         
1
1	1	pickSIJI.p.C
22.1290        82.1320        -0.398         
1
2	1	pickBLSP.p.M
-6.1428        120.4900       -0.114         
1
1	1	pickBSSI.p.C
-15.7493       128.7670       -0.06          
1
1	1	pickKNA.p.C
-4.2765        152.6860       -0.05          
1
2	1	pickESM.p.M
-12.8432       131.1330       -0.137         
1
1	1	pickMTN.p.C
-6.9138        112.4790       -0.0           
1
2	1	pickGRJI.p.M
3.2598         97.1800        -0.009         
1
1	1	pickTPTI.p.C
7.0105         93.9270        -0.01          
1
2	1	pickCMBY.p.M
-8.4870        116.1130       -0.56          
1
2	1	pickKEDI.p.M
6.0442         116.2150       -0.83          
1
1	1	pickKKM.p.C
16.5699        100.9700       -0.008         
1
1	1	pickPBKT.p.C
-4.5886        145.9540       -0.46          
1
2	1	pickKKI.p.M
-12.6862       132.4730       -0.046         
1
2	1	pickKDU.p.M
-8.3692        115.5430       -1.0           
1
2	1	pickTHRI.p.M
13.5886        144.8680       -0.199         
1
1	1	pickPJG.p.C
-4.2202        152.2020       -0.091         
1
1	1	pickRAL.p.C
-1.9903        138.7100       -0.0           
1
2	1	pickSMPI.p.M
-9.0848        152.7190       -0.08          
1
2	1	pickWDIS.p.M
-8.4870        116.1130       -0.56          
1
1	1	pickKEDI.p.C
6.8363         158.3120       -0.01          
1
2	1	pickPATS.p.M
-3.4621        114.8410       -0.11          
1
2	1	pickBBKI.p.M
13.4589        121.8440       -0.029         
1
2	1	pickBOAC.p.M
-21.5331       119.8090       -0.283         
1
2	1	pickPSAC1.p.M
-5.6375        132.7370       -0.113         
1
2	1	pickTLE.p.M
-3.6232        143.6240       -0.442         
1
2	1	pickWWKK.p.M
-7.7956        114.2340       -0.0           
1
2	1	pickABJI.p.M
-8.0844        115.2130       -0.0           
1
2	1	pickSRBI.p.M
-7.1121        143.9220       -0.307         
1
2	1	pickKIAM.p.M
-7.9817        131.2980       -0.0           
1
2	1	pickSLKI.p.M
18.5216        99.6320        -0.247         
1
1	1	pickLAMP.p.C
-4.2191        152.1930       -0.009         
1
2	1	pickSUL.p.M
22.3711        120.6200       -0.074         
1
1	1	pickSCZT.p.C
-0.4460        117.2090       -0.097         
1
2	1	pickSMKI.p.M
23.0865        113.3440       -0.011         
1
1	1	pickGZH.p.C
22.5389        88.3310        -0.006         
1
1	1	pickCAL.p.C
-8.1941        111.1770       -0.0           
1
2	1	pickPCJI.p.M
14.6227        121.0040       -0.015         
1
2	1	pickQVP.p.M
2.6950         98.9240        -0.0           
1
2	1	pickRPSI.p.M
-4.1014        145.0120       -0.18          
1
2	1	pickTBL.p.M
9.2328         124.6720       -0.25          
1
2	1	pickVHH.p.M
-4.6903        104.7300       -0.081         
1
2	1	pickKLSI.p.M
-2.5551        120.3240       -0.111         
1
2	1	pickMSSI.p.M
-7.0145        107.5000       -1.0           
1
2	1	pickSINI.p.M
-1.6339        103.6420       -0.0           
1
2	1	pickJMBI.p.M
-7.9828        131.3000       -0.11          
1
1	1	pickSAUI.p.C
-5.3093        150.0450       -0.04          
1
2	1	pickTLS.p.M
-6.1499        155.1800       -1.0           
1
2	1	pickBGA.p.M
15.9011        101.9860       -0.199         
1
2	1	pickCHAI.p.M
-8.7235        115.5320       -0.4           
1
1	1	pickRATI.p.C
7.8358         99.6910        -0.071         
1
2	1	pickTRTT.p.M
7.8489         126.1870       -0.433         
1
2	1	pickPPH.p.M
3.2004         113.0830       -0.156         
1
2	1	pickBTM.p.M
16.9440        121.8230       -0.05          
1
2	1	pickCAUP.p.M
1.4426         124.8400       -0.128         
1
1	1	pickMNI.p.C
-18.1335       144.3170       -0.46          
1
2	1	pickMTSU.p.M
-8.6359        122.2380       -0.137         
1
1	1	pickMMRI.p.C
-21.1592       119.8330       -0.2           
1
1	1	pickMBL.p.C
-20.7763       116.8590       -0.015         
1
2	1	pickKAA.p.M
-4.2826        152.1460       -0.332         
1
1	1	pickVUL.p.C
17.7022        121.8220       -0.06          
1
1	1	pickCVP.p.C
-23.2031       144.2720       -0.22          
1
2	1	pickSA05.p.M
-1.0420        122.7720       -0.006         
1
1	1	pickLUWI.p.C
14.6801        101.4110       -0.36          
1
1	1	pickPCT.p.C
-6.6169        147.8570       -0.007         
1
2	1	pickFINC.p.M
23.3507        120.5930       -0.205         
1
2	1	pickCHN4.p.M
3.5004         98.5640        -0.119         
1
2	1	pickTSI.p.M
19.3601        99.8690        -0.408         
1
1	1	pickPAYA.p.C
14.7847        98.5920        -0.173         
1
1	1	pickKHT.p.C
-8.7497        121.6900       -0.914         
1
2	1	pickEDFI.p.M
7.1695         100.6200       -0.014         
1
2	1	pickSKLT.p.M
-0.9121        100.4620       -0.276         
1
2	1	pickPDSI.p.M
2.8853         98.1570        -0.82          
1
1	1	pickLARI.p.C
-2.5732        150.8170       -0.004         
1
2	1	pickKAV.p.M
16.6996        145.7790       -0.451         
1
1	1	pickSARN.p.C
6.9320         122.0750       -0.015         
1
1	1	pickZCP.p.C
-0.3493        102.3340       -0.041         
1
1	1	pickRGRI.p.C
-21.1693       119.7420       -0.2           
1
2	1	pickMBT.p.M
-7.3326        109.7100       -0.629         
1
1	1	pickBJII.p.C
23.6370        120.2220       -0.006         
1
1	1	pickWSF.p.C
-4.2202        152.2020       -0.091         
1
2	1	pickRAL.p.M
-0.9111        121.6490       -0.0           
1
1	1	pickAPSI.p.C
22.9951        120.1970       -0.014         
1
2	1	pickTAI.p.M
-2.6427        140.5600       -0.26          
1
2	1	pickYOMI.p.M
-18.1084       125.6430       -0.11          
1
2	1	pickFITX.p.M
11.0512        124.6090       -0.13          
1
2	1	pickOCLP.p.M
-0.8628        131.2600       -0.088         
1
1	1	pickSWI.p.C
0.4772         121.9410       -0.0           
1
1	1	pickMRSI.p.C
13.7335        120.2460       -0.05          
1
2	1	pickLUBP.p.M
-7.3326        108.9310       -0.0           
1
1	1	pickKPJI.p.C
16.2049        98.8600        -0.403         
1
2	1	pickUMPA.p.M
14.5372        121.1530       -0.085         
1
2	1	pickARP.p.M
14.7414        120.4160       -0.585         
1
2	1	pickNBP.p.M
-7.0487        110.4410       -0.203         
1
2	1	pickSMRI.p.M
5.4966         95.2960        -0.192         
1
2	1	pickBSI.p.M
-4.3963        152.1550       -0.597         
1
2	1	pickEVZ.p.M
-10.2059       123.6630       -0.356         
1
1	1	pickBATI.p.C
-4.2826        152.1460       -0.332         
1
2	1	pickVUL.p.M
8.4548         124.6940       -0.05          
1
1	1	pickCGP.p.C
15.2454        105.0180       -0.0           
1
2	1	pickUBT.p.M
-5.2681        141.2210       -0.7           
1
1	1	pickTZZ.p.C
-8.0844        115.2130       -0.0           
1
1	1	pickSRBI.p.C
-2.2259        113.9450       -0.07          
1
2	1	pickPLKI.p.M
-0.6383        127.5010       -0.114         
1
1	1	pickLBMI.p.C
7.8922         98.3350        -0.053         
1
1	1	pickPKDT.p.C
-3.5547        143.6260       -0.01          
1
2	1	pickWEW.p.M
-19.9582       134.3720       -0.382         
1
2	1	pickWC3.p.M
7.8358         99.6910        -0.071         
1
1	1	pickTRTT.p.C
22.5671        120.3080       -0.002         
1
2	1	pickKAU.p.M
-2.0910        101.4620       -0.811         
1
1	1	pickKRJI.p.C
-4.3067        152.0260       -0.105         
1
2	1	pickKRVT.p.M
12.4608        121.1190       -0.027         
1
2	1	pickSJMP.p.M
13.5393        144.9140       -0.287         
1
1	1	pickGUA.p.C
8.5957         99.6020        -0.059         
1
1	1	pickSRIT.p.C
15.2142        145.7520       -0.21          
1
2	1	pickSAPN.p.M
-19.9421       134.3390       -0.389         
1
1	1	pickWR1.p.C
-3.6574        120.3230       -0.24          
1
1	1	pickBUNI.p.C
23.1739        120.1940       -0.007         
1
1	1	pickSCLT.p.C
-6.8675        109.1210       -0.044         
1
1	1	pickTGJI.p.C
-7.7180        109.0150       -0.046         
1
2	1	pickCLJI.p.M
17.0627        122.4250       -0.05          
1
2	1	pickPALP.p.M
17.1883        100.4160       -0.114         
1
2	1	pickPHIT.p.M
21.9431        120.8050       -0.09          
1
1	1	pickTWK1.p.C
23.5054        121.3220       -0.237         
1
2	1	pickEHY.p.M
14.6368        121.0770       -0.058         
1
1	1	pickQCP.p.C
12.5162        102.1670       -0.022         
1
2	1	pickCHAT.p.M
12.4608        121.1190       -0.027         
1
1	1	pickSJMP.p.C
-22.6424       114.2340       -0.111         
1
1	1	pickGIRL.p.C
-5.4875        122.5700       -0.104         
1
1	1	pickBBSI.p.C
-6.6652        147.0020       -0.072         
1
1	1	pickLAT.p.C
-23.6812       133.9600       -0.594         
1
2	1	pickAS08.p.M
-0.9051        119.8370       -0.15          
1
1	1	pickPCI.p.C
10.1334        124.8590       -0.05          
1
1	1	pickMSLP.p.C
-19.9230       134.3550       -0.384         
1
2	1	pickWB3.p.M
-2.5923        140.1680       -0.047         
1
1	1	pickGENI.p.C
3.5004         98.5640        -0.119         
1
1	1	pickTSI.p.C
23.2663        120.4880       -0.59          
1
2	1	pickTWK.p.M
-4.3450        152.1780       -0.365         
1
2	1	pickTKA.p.M
-4.2061        151.6680       -0.03          
1
2	1	pickETV.p.M
8.5957         99.6020        -0.059         
1
2	1	pickSRIT.p.M
18.4573        98.9430        -0.307         
1
1	1	pickCM31.p.C
6.9460         126.2570       -0.12          
1
1	1	pickMATI.p.C
-8.4669        140.3830       -0.008         
1
1	1	pickMMPI.p.C
15.7754        119.9110       -0.021         
1
2	1	pickSCZP.p.M
10.6255        122.5890       -0.05          
1
1	1	pickGUIM.p.C
-3.5497        118.9800       -0.097         
1
2	1	pickMJSI.p.M
-3.2386        127.1000       -0.0           
1
1	1	pickNLAI.p.C
-2.9266        104.7720       -0.03          
1
2	1	pickPMBI.p.M
14.3149        101.3210       -0.106         
1
2	1	pickNAYO.p.M
22.3571        120.8960       -0.008         
1
2	1	pickTAW.p.M
-3.9574        122.6190       -0.055         
1
1	1	pickKDI.p.C
-8.2726        113.4440       -0.0           
1
2	1	pickGMJI.p.M
15.5612        121.0960       -0.007         
1
2	1	pickPCPH.p.M
14.2254        120.6760       -0.124         
1
2	1	pickPAZ.p.M
-6.4186        110.9470       -0.062         
1
2	1	pickUWJI.p.M
-5.2500        145.7800       -0.027         
1
1	1	pickMDG.p.C
9.7762         118.7300       -0.015         
1
1	1	pickPPR.p.C
21.8999        120.9000       -0.0           
1
2	1	pickTSEB.p.M
23.0815        120.5830       -0.278         
1
1	1	pickSGST.p.C
-7.8368        110.9240       -0.0           
1
2	1	pickWOJI.p.M
-1.3269        99.0900        -0.0           
1
2	1	pickSISI.p.M
-5.8438        105.7420       -0.0           
1
2	1	pickRBSI.p.M
23.0996        121.3670       -0.036         
1
2	1	pickHSI.p.M
-19.7662       134.3930       -0.392         
1
2	1	pickWB0.p.M
12.7526        102.3300       -0.004         
1
2	1	pickCHBT.p.M
-2.5148        140.7050       -0.4           
1
1	1	pickJAY.p.C
2.4504         112.2200       -0.031         
1
1	1	pickSBUM.p.C
-1.5111        134.1770       -0.106         
1
1	1	pickRKPI.p.C
-2.9195        132.2490       -0.136         
1
1	1	pickFAKI.p.C
-7.1061        106.6590       -0.81          
1
2	1	pickKALI.p.M
11.7334        122.1150       -0.072         
1
2	1	pickPAP.p.M
-1.8695        136.2400       -0.088         
1
2	1	pickSRPI.p.M
22.1209        113.5580       -0.174         
1
2	1	pickMCO.p.M
-3.6866        128.1950       -0.08          
1
1	1	pickAAI.p.C
15.6718        100.1330       -0.034         
1
1	1	pickNST.p.C
-9.6403        119.3910       -0.457         
1
2	1	pickWBSI.p.M
12.5896        99.7340        -0.106         
1
1	1	pickNNT.p.C
18.5055        84.0570        -0.055         
1
2	1	pickCHLP.p.M
17.2487        81.6240        -0.04          
1
1	1	pickPVM.p.C
17.4056        101.7300       -0.259         
1
1	1	pickLOE.p.C
-21.5622       119.9010       -0.324         
1
2	1	pickPSAC2.p.M
23.3457        120.2110       -0.006         
1
1	1	pickCHN8.p.C
7.0085         125.0900       -0.598         
1
1	1	pickKCP.p.C
-6.8172        111.8480       -0.0           
1
2	1	pickTBJI.p.M
23.5667        119.5550       -0.011         
1
1	1	pickPNG.p.C
-21.5773       119.8550       -0.365         
1
2	1	pickPSAA3.p.M
-7.3457        146.7170       -1.083         
1
1	1	pickWAU.p.C
-2.5279        121.3350       -0.602         
1
2	1	pickSKSI.p.M
22.0054        120.7380       -0.022         
1
1	1	pickHEN.p.C
8.5826         123.3520       -0.005         
1
1	1	pickDCPH.p.C
-16.6051       133.3070       -0.262         
1
2	1	pickSC04.p.M
18.2411        122.0460       -0.05          
1
2	1	pickSGCP.p.M
13.1772        92.9300        -0.03          
1
2	1	pickDGPR.p.M
9.2328         124.6720       -0.25          
1
1	1	pickVHH.p.C
-8.1941        111.1770       -0.0           
1
1	1	pickPCJI.p.C
9.6907         123.8620       -0.12          
1
1	1	pickTBP.p.C
-10.2985       150.3770       -0.01          
1
2	1	pickALOA.p.M
18.4985        100.2290       -0.187         
1
2	1	pickPHRA.p.M
-4.1940        152.1760       -0.025         
1
2	1	pickWAN.p.M
-7.7956        114.2340       -0.0           
1
1	1	pickABJI.p.C
-4.6903        104.7300       -0.081         
1
1	1	pickKLSI.p.C
2.4091         96.3270        -0.015         
1
2	1	pickSNSI.p.M
-21.6426       119.7800       -0.312         
1
2	1	pickPSAD3.p.M
-7.9817        131.2980       -0.0           
1
1	1	pickSLKI.p.C
-4.3530        152.0520       -0.02          
1
2	1	pickKRT.p.M
-19.9592       134.3460       -0.394         
1
1	1	pickWRB.p.C
-7.7352        111.7670       -0.723         
1
1	1	pickSJI.p.C
6.9320         122.0750       -0.015         
1
2	1	pickZCP.p.M
-0.4792        104.5780       -0.058         
1
2	1	pickDSRI.p.M
18.1758        97.9310        -0.164         
1
2	1	pickMHMT.p.M
-6.8172        111.8480       -0.0           
1
1	1	pickTBJI.p.C
19.8707        99.7830        -0.0           
1
1	1	pickCHRT.p.C
-5.3677        105.2450       -0.147         
1
2	1	pickBLSI.p.M
-0.4571        100.3970       -0.0           
1
1	1	pickPPI.p.C
-20.7763       116.8590       -0.015         
1
1	1	pickKAA.p.C
-4.1910        152.1640       -0.277         
1
1	1	pickRABL.p.C
-18.1024       125.6430       -0.11          
1
1	1	pickFITZ*.p.C
-6.4901        108.2700       -0.0           
1
2	1	pickJCJI.p.M
16.6996        145.7790       -0.451         
1
2	1	pickSARN.p.M
8.9691         125.6210       -0.068         
1
1	1	pickBUTP.p.C
-6.4186        110.9470       -0.062         
1
1	1	pickUWJI.p.C
23.8138        121.4330       -0.178         
1
2	1	pickESL.p.M
7.8972         126.0180       -1.13          
1
2	1	pickMPP.p.M
16.3527        145.6560       -0.51          
1
2	1	pickANAT.p.M
6.8363         158.3120       -0.01          
1
1	1	pickPATS.p.C
16.9742        103.9810       -0.254         
1
1	1	pickSKNT.p.C
3.5497         98.6830        -0.032         
1
1	1	pickMED.p.C
-5.0144        119.7520       -0.03          
1
1	1	pickKAPI.p.C
1.6128         99.3170        -1.1           
1
1	1	pickMRPI.p.C
14.3491        99.1210        -0.122         
1
1	1	pickSRDT.p.C
18.8122        98.9480        -0.399         
1
1	1	pickCMMT.p.C
22.5389        88.3310        -0.006         
1
2	1	pickCAL.p.M
-3.8265        103.5230       -0.0           
1
2	1	pickLHSI.p.M
10.3307        123.9060       -0.036         
1
2	1	pickCCP.p.M
1.1215         120.7940       -0.086         
1
2	1	pickTOLI.p.M
10.3166        123.9660       -0.135         
1
1	1	pickLLP.p.C
-9.7380        150.8140       -0.046         
1
1	1	pickESA.p.C
-8.2163        114.4910       -0.591         
1
1	1	pickKELI.p.C
0.5748         123.9810       -0.0           
1
1	1	pickKMSI.p.C
23.3517        121.2970       -0.26          
1
1	1	pickTWF1.p.C
15.9011        101.9860       -0.199         
1
1	1	pickCHAI.p.C
0.7953         99.5800        -0.0           
1
1	1	pickMNSI.p.C
3.8869         102.4770       -0.072         
1
2	1	pickJRMM.p.M
16.3406        145.7120       -0.314         
1
1	1	pickANA2.p.C
-22.3963       136.2950       -0.337         
1
2	1	pickSC09.p.M
-2.0417        147.4020       -0.01          
1
1	1	pickMOM.p.C
23.2452        120.6140       -0.56          
1
2	1	pickWTP.p.M
-1.2604        116.8960       -0.0           
1
1	1	pickBKB.p.C
21.8275        105.2080       -0.035         
1
2	1	pickTQV.p.M
23.5667        119.5550       -0.011         
1
2	1	pickPNG.p.M
-8.6772        115.2100       -0.015         
1
1	1	pickDNP.p.C
0.6363         123.0100       -0.0           
1
1	1	pickGTOI.p.C
-6.2244        155.6190       -0.065         
1
1	1	pickKOA.p.C
-8.0220        111.8040       -0.0           
1
1	1	pickPWJI.p.C
-2.5098        140.4170       -0.3           
1
1	1	pickMENI.p.C
2.0155         103.3190       -0.103         
1
1	1	pickKGM.p.C
0.7722         127.3670       -0.043         
1
1	1	pickTNTI.p.C
14.6227        121.0040       -0.015         
1
1	1	pickQVP.p.C
11.5593        122.7450       -0.14          
1
1	1	pickRCP.p.C
-2.6900        118.9100       -0.221         
1
2	1	pickMMSI.p.M
22.2767        114.1420       -0.196         
1
2	1	pickHKPS.p.M
-0.9322        101.4280       -0.0           
1
1	1	pickSDSI.p.C
-4.4859        104.1780       -0.0           
1
1	1	pickMDSI.p.C
22.8223        120.4230       -0.34          
1
1	1	pickTWM1.p.C
-4.3329        152.0360       -0.017         
1
2	1	pickKET.p.M
-8.7376        116.8820       -0.087         
1
1	1	pickTWSI.p.C
5.6405         117.1950       -0.523         
1
1	1	pickSDKM.p.C
5.3275         103.1340       -0.056         
1
1	1	pickKTGM.p.C
4.2936         117.8720       -0.062         
1
1	1	pickTSM.p.C
5.4966         95.2960        -0.192         
1
1	1	pickBSI.p.C
-3.1410        102.2400       -0.385         
1
2	1	pickMASI.p.M
-22.8976       148.3070       -0.3           
1
2	1	pickSA06.p.M
18.1758        97.9310        -0.164         
1
1	1	pickMHMT.p.C
-6.6129        105.6930       -0.0           
1
1	1	pickCGJI.p.C
22.5962        120.9540       -0.07          
1
1	1	pickECL.p.C
-2.0427        147.3660       -0.142         
1
1	1	pickMANU.p.C
-7.5550        107.8150       -0.544         
1
1	1	pickCISI.p.C
-19.9230       134.3550       -0.384         
1
1	1	pickWB3.p.C
23.7938        85.8860        -0.282         
1
1	1	pickBOK.p.C
14.6519        121.0580       -0.045         
1
1	1	pickQVPH.p.C
-2.7625        100.0100       -0.0           
1
2	1	pickPPSI.p.M
23.0986        121.3650       -0.034         
1
2	1	pickCHKT.p.M
-3.5859        143.6400       -0.1           
1
2	1	pickWWW.p.M
12.2093        109.2120       -0.005         
1
1	1	pickNHA.p.C
-6.1710        106.6460       -0.014         
1
1	1	pickTNG.p.C
14.0111        102.0430       -0.097         
1
1	1	pickSRAK.p.C
15.2454        105.0180       -0.0           
1
1	1	pickUBT.p.C
6.5193         124.5430       -0.1           
1
2	1	pickSKMP.p.M
17.2487        81.6240        -0.04          
1
2	1	pickPVM.p.M
6.1046         125.7110       -0.1           
1
1	1	pickDDMP.p.C
8.1841         126.3610       -0.044         
1
1	1	pickBIPH.p.C
-10.0771       148.1840       -0.01          
1
2	1	pickKUPN.p.M
-3.6514        102.5930       -0.539         
1
1	1	pickKSI.p.C
13.9045        122.4460       -0.05          
1
1	1	pickGQP.p.C
23.3919        121.2970       -0.295         
1
1	1	pickYULB.p.C
18.3246        120.6190       -0.15          
1
1	1	pickPIP.p.C
-6.1499        155.1800       -1.0           
1
1	1	pickBGA.p.C
1.3037         97.5760        -0.107         
1
1	1	pickGSI.p.C
-3.3464        128.9280       -0.082         
1
1	1	pickMSAI.p.C
-6.4901        108.2700       -0.0           
1
1	1	pickJCJI.p.C
-6.9883        145.0730       -0.3           
1
1	1	pickPUR.p.C
21.8275        105.2080       -0.035         
1
1	1	pickTQV.p.C
-3.6655        152.4420       -0.005         
1
2	1	pickNAMA.p.M
-4.8040        152.8300       -0.01          
1
2	1	pickELB.p.M
-4.3601        102.9560       -0.154         
1
1	1	pickMNAI.p.C
-13.9568       143.1750       -0.285         
1
1	1	pickCOEN.p.C
-10.0771       148.1840       -0.01          
1
1	1	pickKUPN.p.C
-19.8777       134.3660       -0.371         
1
1	1	pickWB5.p.C
1.1215         120.7940       -0.086         
1
1	1	pickTOLI.p.C
1.8383         127.7880       -0.13          
1
2	1	pickGAMI.p.M
-6.6733        146.9130       -0.05          
1
1	1	pickLAE.p.C
-5.3486        141.2920       -0.518         
1
2	1	pickOKTD.p.M
-6.4196        106.8500       -0.0           
1
1	1	pickCBJI.p.C
22.0385        121.5510       -0.324         
1
2	1	pickLAY.p.M
22.0516        103.1590       -1.1           
1
2	1	pickLUV.p.M
22.5671        120.3080       -0.002         
1
1	1	pickKAU.p.C
17.8610        121.2430       -0.05          
1
1	1	pickAPYP.p.C
0.7863         127.3690       -0.0           
1
2	1	pickTNE.p.M
22.7459        120.6320       -0.148         
1
1	1	pickSSD.p.C
-6.5535        106.7500       -0.211         
1
1	1	pickDBJI.p.C
20.1331        92.8850        -0.015         
1
2	1	pickSIMRM.p.M
1.7900         103.8500       -0.0           
1
1	1	pickMYKOM.p.C
-3.5004        118.9150       -0.307         
1
2	1	pickPMSI.p.M
23.8771        120.6840       -0.11          
1
2	1	pickWNT.p.M
9.3424         123.2360       -0.52          
1
1	1	pickSNPH.p.C
-8.7497        121.6900       -0.914         
1
1	1	pickEDFI.p.C
22.6766        91.6430        -0.044         
1
1	1	pickBRDH.p.C
-0.9121        100.4620       -0.276         
1
1	1	pickPDSI.p.C
-6.2244        155.6190       -0.065         
1
2	1	pickKOA.p.M
11.6781        122.3380       -0.015         
1
1	1	pickKALP.p.C
-9.6685        120.2980       -0.048         
1
1	1	pickWSI.p.C
-4.4003        120.1060       -0.0           
1
1	1	pickBNSI.p.C
12.3572        123.6240       -0.011         
1
1	1	pickMMPH.p.C
-8.2726        113.4440       -0.0           
1
1	1	pickGMJI.p.C
20.8055        106.6290       -0.09          
1
2	1	pickPLV.p.M
-3.6614        133.7040       -0.0           
1
1	1	pickKMPI.p.C
7.0105         93.9270        -0.01          
1
1	1	pickCMBY.p.C
-5.3093        150.0450       -0.04          
1
1	1	pickTLS.p.C
20.8055        106.6290       -0.09          
1
1	1	pickPLV.p.C
23.7867        120.9540       -0.45          
1
1	1	pickSSLB.p.C
-7.7452        113.5950       -0.0           
1
1	1	pickBLJI.p.C
5.2288         96.9470        -0.003         
1
1	1	pickLHMI.p.C
-21.6215       119.8280       -0.325         
1
2	1	pickPSAC3.p.M
-12.6862       132.4730       -0.046         
1
1	1	pickKDU.p.C
-22.5440       115.5000       -0.08          
1
1	1	pickNAU.p.C
-12.4075       130.8180       -0.006         
1
1	1	pickDAR.p.C
-7.0487        110.4410       -0.203         
1
1	1	pickSMRI.p.C
1.5504         98.8900        -0.147         
1
2	1	pickSBSI.p.M
22.5962        120.9540       -0.07          
1
2	1	pickECL.p.M
-5.0064        151.2560       -0.01          
1
2	1	pickULA.p.M
-21.4537       119.8300       -0.26          
1
2	1	pickPSAD1.p.M
21.3894        103.0250       -1.05          
1
2	1	pickDBV.p.M
-7.0054        106.5560       -0.1           
1
1	1	pickSKJI.p.C
21.4718        104.3570       -0.05          
1
1	1	pickTTVN.p.C
-2.7051        111.6700       -0.074         
1
1	1	pickPBKI.p.C
-8.6359        116.1710       -0.108         
1
2	1	pickMTNI.p.M
-6.9138        112.4790       -0.0           
1
1	1	pickGRJI.p.C
3.6856         125.5290       -0.1           
1
1	1	pickSGSI.p.C
10.7473        121.9470       -0.018         
1
2	1	pickJAP.p.M
18.1245        145.7700       -0.01          
1
2	1	pickPAGV.p.M
23.4914        121.4240       -0.094         
1
2	1	pickHGSD.p.M
13.1560        123.7340       -0.019         
1
1	1	pickLGP.p.C
-8.8131        148.0990       -0.303         
1
2	1	pickAGE.p.M
23.2593        119.6600       -0.033         
1
1	1	pickWDGT.p.C
16.3366        102.8230       -0.14          
1
1	1	pickKKTK.p.C
-6.1831        106.8360       -0.008         
1
1	1	pickDJA.p.C
22.7459        120.6320       -0.148         
1
2	1	pickSSD.p.M
-1.2604        116.8960       -0.003         
1
2	1	pickBKB2.p.M
22.7529        121.1470       -0.009         
1
1	1	pickTTN.p.C
8.2243         126.2500       -0.2           
1
1	1	pickBIP.p.C
-0.3493        102.3340       -0.041         
1
2	1	pickRGRI.p.M
-23.6983       133.9410       -0.591         
1
2	1	pickAS09.p.M
20.4406        121.9640       -0.04          
1
1	1	pickBBP.p.C
-5.3103        151.0520       -0.16          
1
2	1	pickBIAL.p.M
21.3331        103.9050       -0.7           
1
2	1	pickSLVN.p.M
-5.3526        102.2770       -0.036         
1
1	1	pickEGSI.p.C
-19.1429       128.1180       -0.326         
1
2	1	pickSC06.p.M
-10.2190       120.5780       -0.081         
1
1	1	pickBASI.p.C
-16.9661       135.7840       -0.198         
1
2	1	pickSC05.p.M
23.8209        120.7280       -0.175         
1
2	1	pickWJS.p.M
-23.6511       133.8940       -0.604         
1
2	1	pickAS13.p.M
7.8791         125.0620       -0.471         
1
1	1	pickBUKP.p.C
6.9541         122.0640       -0.059         
1
1	1	pickZMPH.p.C
14.6519        121.0580       -0.045         
1
2	1	pickQVPH.p.M
6.9189         122.0630       -0.19          
1
1	1	pickZMP.p.C
-8.4669        140.3830       -0.008         
1
2	1	pickMMPI.p.M
15.5582        99.4450        -0.129         
1
1	1	pickUTHA.p.C
-22.9428       140.1430       -0.25          
1
2	1	pickSA04.p.M
1.3611         103.7730       -0.064         
1
1	1	pickBTDF.p.C
-9.7551        124.2670       -1.047         
1
1	1	pickSOEI.p.C
-6.3008        155.4910       -0.699         
1
1	1	pickPAA.p.C
-21.5924       119.8550       -0.309         
1
2	1	pickPSAB3.p.M
21.2939        106.2290       -0.015         
1
1	1	pickBGV.p.C
22.3571        120.8960       -0.008         
1
1	1	pickTAW.p.C
-4.1718        121.6510       -0.089         
1
1	1	pickKKSI.p.C
-4.1930        152.1620       -0.18          
1
1	1	pickERB.p.C
22.7248        120.4910       -0.03          
1
1	1	pickSGLT.p.C
17.1471        104.6120       -0.136         
1
2	1	pickPANO.p.M
15.7402        121.5760       -0.05          
1
1	1	pickBALP.p.C
23.3457        120.2110       -0.006         
1
2	1	pickCHN8.p.M
-3.0454        119.8190       -0.0           
1
1	1	pickTTSI.p.C
13.5957        124.1540       -0.05          
1
1	1	pickPVCP.p.C
-8.4518        114.9490       -0.5           
1
1	1	pickRANI.p.C
-2.6427        140.5600       -0.26          
1
1	1	pickYOMI.p.C
-5.4835        148.3830       -0.015         
1
1	1	pickKCM.p.C
7.1765         100.6170       -0.004         
1
1	1	pickSNG.p.C
-4.1144        152.0880       -0.03          
1
2	1	pickEWT.p.M
23.6370        120.2220       -0.006         
1
2	1	pickWSF.p.M
-14.8853       134.0050       -0.08          
1
2	1	pickSC02.p.M
-7.0497        113.9670       -0.0           
1
1	1	pickKMMI.p.C
10.7473        121.9470       -0.018         
1
1	1	pickJAP.p.C
-5.4835        148.3830       -0.015         
1
2	1	pickKCM.p.M
-8.8272        117.7760       -0.125         
1
1	1	pickPLAI.p.C
-5.5660        105.1710       -0.2           
1
1	1	pickPENI.p.C
14.7968        98.5890        -0.164         
1
1	1	pickKHLT.p.C
-19.9029       134.3590       -0.381         
1
2	1	pickWB4.p.M
15.2796        105.4700       -0.12          
1
1	1	pickUBPT.p.C
-19.8406       134.3790       -0.353         
1
2	1	pickWB7.p.M
-21.5763       119.8360       -0.277         
1
2	1	pickPSAA1.p.M
17.6489        120.7120       -0.05          
1
1	1	pickABRA.p.C
-0.0544        98.2800        -0.0           
1
1	1	pickPBSI.p.C
16.9440        121.8230       -0.05          
1
1	1	pickCAUP.p.C
0.0654         111.4770       -0.088         
1
1	1	pickSTKI.p.C
18.4985        100.2290       -0.187         
1
1	1	pickPHRA.p.C
-23.7033       133.9630       -0.577         
1
2	1	pickAS19.p.M
12.5101        124.6630       -0.0           
1
1	1	pickCNP.p.C
-4.1718        121.6510       -0.089         
1
2	1	pickKKSI.p.M
23.8631        120.2810       -0.004         
1
1	1	pickWTCT.p.C
-0.5295        117.6040       -0.179         
1
2	1	pickSGKI.p.M
11.6559        92.7430        -0.017         
1
1	1	pickPBA.p.C
-3.3182        128.3950       -0.125         
1
2	1	pickKRAI.p.M
16.1495        120.6800       -0.3           
1
2	1	pickSMPP.p.M
23.4974        120.4240       -0.027         
1
2	1	pickCHY.p.M
23.5125        119.5720       -0.015         
1
2	1	pickPHUB.p.M
18.0632        103.1460       -0.141         
1
1	1	pickNONG.p.C
-2.7574        107.6530       -0.007         
1
1	1	pickTPI.p.C
3.8869         102.4770       -0.072         
1
1	1	pickJRMM.p.C
0.3373         119.8980       -0.0           
1
1	1	pickMPSI.p.C
-21.5542       119.8610       -0.348         
1
2	1	pickPSAB2.p.M
22.9951        120.1970       -0.014         
1
1	1	pickTAI.p.C
-4.2393        152.3890       -0.005         
1
2	1	pickEDY.p.M
23.9294        117.7500       -0.0           
1
2	1	pickZPLA.p.M
23.6853        120.5620       -0.075         
1
2	1	pickWGK.p.M
-5.5237        104.4970       -0.0           
1
1	1	pickKASI.p.C
13.1772        92.9300        -0.03          
1
1	1	pickDGPR.p.C
14.1540        121.1800       -0.3           
1
2	1	pickLBPH.p.M
-20.3381       142.6670       -0.26          
1
1	1	pickSA03.p.C
-8.4789        114.1420       -0.29          
1
1	1	pickSRDI.p.C
-3.6232        143.6240       -0.442         
1
1	1	pickWWKK.p.C
3.1027         101.6450       -0.046         
1
1	1	pickKLM.p.C
22.1209        113.5580       -0.174         
1
1	1	pickMCO.p.C
14.7414        120.4160       -0.585         
1
1	1	pickNBP.p.C
21.5471        106.3420       -0.05          
1
1	1	pickMTZV.p.C
-8.3642        115.6080       -0.0           
1
1	1	pickKHKI.p.C
22.3822        120.8480       -0.445         
1
2	1	pickEAST.p.M
23.8832        91.2500        -0.017         
1
1	1	pickAGT.p.C
7.8489         126.1870       -0.433         
1
1	1	pickPPH.p.C
-13.9588       143.1790       -0.17          
1
1	1	pickSA01.p.C
-19.9340       134.3570       -0.366         
1
1	1	pickWCB.p.C
15.7754        119.9110       -0.021         
1
1	1	pickSCZP.p.C
22.6766        91.6430        -0.044         
1
2	1	pickBRDH.p.M
17.7434        100.5540       -0.063         
1
1	1	pickUTTA.p.C
17.5504        120.4560       -0.05          
1
1	1	pickSZP.p.C
17.5091        101.2640       -0.306         
1
1	1	pickLOEI.p.C
12.9226        100.8660       -0.039         
1
2	1	pickPATY.p.M
-1.1910        136.1070       -0.089         
1
1	1	pickBAKI.p.C
23.2663        120.4880       -0.59          
1
1	1	pickTWK.p.C
16.2049        98.8600        -0.403         
1
1	1	pickUMPA.p.C
-22.8976       148.3070       -0.3           
1
1	1	pickSA06.p.C
21.3894        103.0250       -1.05          
1
1	1	pickDBV.p.C
-4.2312        152.2200       -0.031         
1
1	1	pickTAV.p.C
10.3226        123.9810       -0.137         
1
1	1	pickMAP.p.C
-9.4713        147.1600       -0.04          
1
2	1	pickKDB.p.M
-1.8695        136.2400       -0.088         
1
1	1	pickSRPI.p.C
-5.6375        132.7370       -0.113         
1
1	1	pickTLE.p.C
-3.8849        138.7110       -0.0           
1
2	1	pickWAMI.p.M
-10.1506       123.6050       -0.052         
1
1	1	pickKUG.p.C
-7.7835        108.4490       -0.0           
1
1	1	pickCMJI.p.C
-7.8368        110.9240       -0.0           
1
1	1	pickWOJI.p.C
17.9224        120.4580       -0.056         
1
2	1	pickSIPP.p.M
-2.6900        118.9100       -0.221         
1
1	1	pickMMSI.p.C
15.5612        121.0960       -0.007         
1
1	1	pickPCPH.p.C
8.0794         98.1900        -0.0           
1
2	1	pickPKT.p.M
23.6682        121.4270       -0.132         
1
1	1	pickEGFH.p.C
2.0255         98.9590        -0.979         
1
2	1	pickTRSI.p.M
23.5316        120.4750       -0.045         
1
2	1	pickCHN2.p.M
21.0477        105.7970       -0.006         
1
2	1	pickHNV.p.M
21.8999        120.9000       -0.0           
1
1	1	pickTSEB.p.C
-4.5886        145.9540       -0.46          
1
1	1	pickKKI.p.C
14.3149        101.3210       -0.106         
1
1	1	pickNAYO.p.C
14.7273        121.9390       -0.032         
1
1	1	pickPOLP.p.C
-21.5331       119.8090       -0.283         
1
1	1	pickPSAC1.p.C
22.1290        82.1320        -0.398         
1
1	1	pickBLSP.p.C
-8.3692        115.5430       -1.0           
1
1	1	pickTHRI.p.C
17.1471        104.6120       -0.136         
1
1	1	pickPANO.p.C
23.7084        121.5400       -0.005         
1
2	1	pickTEGC.p.M
2.6950         98.9240        -0.0           
1
1	1	pickRPSI.p.C
23.1880        121.0170       -1.04          
1
2	1	pickELDTW.p.M
-10.4806       105.6520       -0.244         
1
1	1	pickXMIS.p.C
-1.9903        138.7100       -0.0           
1
1	1	pickSMPI.p.C
9.1663         99.6300        -0.0           
1
2	1	pickSURA.p.M
-9.6866        150.9030       -0.06          
1
1	1	pickESB.p.C
23.8038        120.2230       -0.012         
1
1	1	pickWMLT.p.C
-3.8265        103.5230       -0.0           
1
1	1	pickLHSI.p.C
-21.5763       119.8360       -0.277         
1
1	1	pickPSAA1.p.C
-4.6923        149.4890       -0.1           
1
1	1	pickWITU.p.C
23.3487        121.2960       -0.18          
1
2	1	pickTWF.p.M
-21.5773       119.8550       -0.365         
1
1	1	pickPSAA3.p.C
8.9570         98.7950        -0.026         
1
1	1	pickSURT.p.C
22.0828        82.4170        -0.085         
1
2	1	pickBLPI.p.M
-4.1014        145.0120       -0.18          
1
1	1	pickTBL.p.C
6.9159         116.8330       -0.004         
1
1	1	pickKDM.p.C
-3.1410        102.2400       -0.385         
1
1	1	pickMASI.p.C
11.6006        125.4380       -0.048         
1
1	1	pickBESP.p.C
4.7084         116.4650       -0.365         
1
2	1	pickSPMM.p.M
13.4589        121.8440       -0.029         
1
1	1	pickBOAC.p.C
23.0986        121.3650       -0.034         
1
1	1	pickCHKT.p.C
18.5467        105.7000       -0.005         
1
1	1	pickVIV.p.C
-5.3103        151.0520       -0.16          
1
1	1	pickBIAL.p.C
9.7812         125.4890       -0.049         
1
1	1	pickSCPH.p.C
0.7863         127.3690       -0.0           
1
1	1	pickTNE.p.C
-19.9340       134.3290       -0.386         
1
2	1	pickI07AU.p.M
22.3490        91.8170        -0.035         
1
1	1	pickCHT.p.C
-2.9266        104.7720       -0.03          
1
1	1	pickPMBI.p.C
20.7994        104.6500       -0.8           
1
1	1	pickMCVV.p.C
-8.5393        118.6930       -0.063         
1
2	1	pickBMNI.p.M
18.2411        122.0460       -0.05          
1
1	1	pickSGCP.p.C
-23.6350       133.9120       -0.669         
1
2	1	pickAS15.p.M
-21.5723       119.8460       -0.244         
1
1	1	pickPSA00.p.C
-7.6808        109.1690       -0.045         
1
2	1	pickSCJI.p.M
-16.6292       129.3170       -0.239         
1
2	1	pickSC03.p.M
18.0742        145.7310       -0.54          
1
2	1	pickPAGN.p.M
7.1997         124.2000       -0.05          
1
1	1	pickCTB.p.C
23.0755        120.3650       -0.05          
1
2	1	pickCHN3.p.M
23.8822        120.9000       -1.015         
1
2	1	pickSMLT.p.M
-8.5393        118.6930       -0.063         
1
1	1	pickBMNI.p.C
-2.7625        100.0100       -0.0           
1
1	1	pickPPSI.p.C
23.8701        121.5070       -0.028         
1
2	1	pickESF.p.M
-2.5279        121.3350       -0.602         
1
1	1	pickSKSI.p.C
4.2665         96.4040        -0.058         
1
1	1	pickMLSI.p.C
-8.5021        118.3120       -0.185         
1
2	1	pickDBNI.p.M
-20.7140       139.5530       -0.5           
1
1	1	pickISQ.p.C
20.2285        100.3730       -0.357         
1
1	1	pickCRAI.p.C
17.4820        99.6310        -0.058         
1
1	1	pickSUKH.p.C
-4.2393        152.3890       -0.005         
1
1	1	pickEDY.p.C
23.9032        120.8570       -0.02          
1
1	1	pickTYC.p.C
-8.2142        114.3560       -0.0           
1
1	1	pickBYJI.p.C
21.9431        120.8050       -0.09          
1
2	1	pickTWK1.p.M
1.8896         98.9250        -1.0           
1
1	1	pickPCBI.p.C
-0.9413        114.8960       -0.115         
1
1	1	pickMTKI.p.C
20.2949        85.8060        -0.003         
1
1	1	pickBWNR.p.C
12.0030        120.1990       -0.066         
1
1	1	pickBUSP.p.C
-19.8546       134.3670       -0.396         
1
2	1	pickWB6.p.M
7.1695         100.6200       -0.014         
1
1	1	pickSKLT.p.C
-4.5221        129.9040       -0.016         
1
1	1	pickBNDI.p.C
-22.2747       131.3670       -0.657         
1
2	1	pickSC08.p.M
22.8223        120.4230       -0.34          
1
2	1	pickTWM1.p.M
12.9226        100.8660       -0.039         
1
1	1	pickPATY.p.C
22.3500        120.3790       -0.014         
1
1	1	pickWLCH.p.C
-0.4792        104.5780       -0.058         
1
1	1	pickDSRI.p.C
22.6515        106.1940       -0.222         
1
1	1	pickCBVB.p.C
22.6414        120.2620       -0.352         
1
2	1	pickWSSB.p.M
7.7875         122.5710       -0.05          
1
1	1	pickIPIL.p.C
23.8138        121.4330       -0.178         
1
1	1	pickESL.p.C
7.0829         125.5080       -0.15          
1
1	1	pickDMPH.p.C
-19.7913       134.3840       -0.391         
1
2	1	pickWB9.p.M
-21.5682       119.8220       -0.282         
1
2	1	pickPSAB1.p.M
-19.9461       134.3620       -0.385         
1
1	1	pickWR2.p.C
23.1629        120.7570       -0.64          
1
2	1	pickSTYT.p.M
-3.6504        102.5670       -0.611         
1
2	1	pickBGI.p.M
-5.0587        151.3030       -0.98          
1
2	1	pickULO.p.M
23.7375        92.6900        -0.969         
1
2	1	pickAZL.p.M
-7.1061        106.6590       -0.81          
1
1	1	pickKALI.p.C
22.8203        121.0720       -0.195         
1
1	1	pickTWG.p.C
-21.1693       119.7420       -0.2           
1
1	1	pickMBT.p.C
23.2593        119.6600       -0.033         
1
2	1	pickWDGT.p.M
-8.4800        119.8900       -0.123         
1
2	1	pickLBFI.p.M
-5.0174        104.0590       -0.938         
1
1	1	pickLWLI.p.C
-3.5547        143.6260       -0.01          
1
1	1	pickWEW.p.C
-2.5732        150.8170       -0.004         
1
1	1	pickKAV.p.C
23.9032        121.6020       -0.071         
1
2	1	pickENLB.p.M
19.8506        105.7820       -0.0           
1
1	1	pickTHV.p.C
21.6265        105.1840       -0.07          
1
1	1	pickDHV.p.C
-0.9302        134.0400       -0.07          
1
2	1	pickMWPI.p.M
16.3808        119.9130       -0.071         
1
1	1	pickBOLP.p.C
22.2767        114.1420       -0.196         
1
1	1	pickHKPS.p.C
-20.3381       142.6670       -0.26          
1
2	1	pickSA03.p.M
17.0627        122.4250       -0.05          
1
1	1	pickPALP.p.C
23.5316        120.4750       -0.045         
1
1	1	pickCHN2.p.C
3.5215         97.7710        -0.205         
1
1	1	pickKCSI.p.C
-19.9572       134.5150       -0.383         
1
2	1	pickWR9.p.M
-21.5622       119.8470       -0.265         
1
2	1	pickPSAA2.p.M
22.7529        120.3350       -0.021         
1
1	1	pickSNJT.p.C
22.8353        104.9920       -0.119         
1
1	1	pickHGVB.p.C
-6.6894        105.5890       -0.22          
1
1	1	pickPASI.p.C
18.3748        98.9600        -0.32          
1
1	1	pickCM11.p.C
2.4091         96.3270        -0.015         
1
1	1	pickSNSI.p.C
-8.8181        115.1460       -0.0           
1
1	1	pickIGBI.p.C
22.9931        120.6460       -0.255         
1
2	1	pickSLGT.p.M
-23.6360       133.9300       -0.676         
1
2	1	pickAS16.p.M
-7.8167        110.2950       -0.16          
1
1	1	pickYOGI.p.C
23.8771        120.6840       -0.11          
1
1	1	pickWNT.p.C
10.4192        121.9440       -0.05          
1
1	1	pickAAP.p.C
-17.3643       144.4850       -0.465         
1
2	1	pickSA02.p.M
21.0477        105.7970       -0.006         
1
1	1	pickHNV.p.C
23.8902        120.3590       -0.0           
1
2	1	pickRLNB.p.M
21.9401        120.8120       -0.09          
1
2	1	pickTWKBT.p.M
-1.3269        99.0900        -0.0           
1
1	1	pickSISI.p.C
23.2452        120.6140       -0.56          
1
1	1	pickWTP.p.C
-19.8134       134.3810       -0.356         
1
2	1	pickWB8.p.M
-3.5859        143.6400       -0.1           
1
1	1	pickWWW.p.C
-3.4239        143.6880       -0.01          
1
2	1	pickWEK.p.M
23.2483        91.4470        -0.02          
1
1	1	pickBELO.p.C
22.3822        120.8480       -0.445         
1
1	1	pickEAST.p.C
-8.4216        116.0950       -0.099         
1
2	1	pickKLNI.p.M
-6.2002        155.0580       -0.06          
1
2	1	pickPIV.p.M
6.5193         124.5430       -0.1           
1
1	1	pickSKMP.p.C
20.5864        105.9740       -0.07          
1
2	1	pickDSV.p.M
-23.6511       133.9100       -0.62          
1
2	1	pickAS14.p.M
22.6113        120.6330       -0.139         
1
2	1	pickMASBT.p.M
22.0385        121.5510       -0.324         
1
1	1	pickLAY.p.C
-4.5302        154.2380       -0.01          
1
2	1	pickNIS.p.M
10.3971        123.2070       -0.59          
1
2	1	pickVCN.p.M
-0.4460        117.2090       -0.097         
1
1	1	pickSMKI.p.C
23.0815        120.5830       -0.278         
1
2	1	pickSGST.p.M
14.8621        121.1010       -0.227         
1
2	1	pickNZB.p.M
-7.9596        145.7690       -0.014         
1
2	1	pickKRG.p.M
-10.1677       123.5860       -0.052         
1
2	1	pickKUP.p.M
-9.4713        147.1600       -0.04          
1
1	1	pickKDB.p.C
-8.8181        115.1450       -0.202         
1
1	1	pickINGI.p.C
8.2213         99.1970        -0.058         
1
1	1	pickKRAB.p.C
23.4773        120.3000       -0.016         
1
2	1	pickWLGB.p.M
18.5055        84.0570        -0.055         
1
1	1	pickCHLP.p.C
2.7766         114.0350       -0.272         
1
2	1	pickBNMM.p.M
14.5372        121.1530       -0.085         
1
1	1	pickARP.p.C
12.7526        102.3300       -0.004         
1
1	1	pickCHBT.p.C
-19.9582       134.3720       -0.382         
1
1	1	pickWC3.p.C
22.6113        120.6330       -0.139         
1
1	1	pickMASBT.p.C
-5.3677        105.2450       -0.147         
1
1	1	pickBLSI.p.C
-7.3084        107.1300       -0.0           
1
1	1	pickCNJI.p.C
23.0996        121.3670       -0.036         
1
1	1	pickHSI.p.C
-13.9588       143.1790       -0.17          
1
2	1	pickSA01.p.M
-23.6963       133.9140       -0.607         
1
2	1	pickAS10.p.M
-4.6923        149.4890       -0.1           
1
2	1	pickWITU.p.M
2.1021         98.4540        -0.84          
1
1	1	pickAEKI.p.C
-19.1429       128.1180       -0.326         
1
1	1	pickSC06.p.C
-23.6591       133.9290       -0.666         
1
2	1	pickAS04.p.M
-7.0145        107.5000       -1.0           
1
1	1	pickSINI.p.C
23.1840        120.5280       -0.36          
1
2	1	pickCHN1.p.M
23.4833        120.2350       -0.006         
1
2	1	pickCHN7.p.M
23.8822        120.9000       -1.015         
1
1	1	pickSMLT.p.C
8.0794         98.1900        -0.0           
1
1	1	pickPKT.p.C
23.6883        120.5380       -0.069         
1
2	1	pickWDLH.p.M
20.8256        105.3520       -0.03          
1
1	1	pickHBVN.p.C
-4.1144        152.0880       -0.03          
1
1	1	pickEWT.p.C
23.9032        120.8570       -0.02          
1
2	1	pickTYC.p.M
-21.6165       119.9630       -0.4           
1
2	1	pickPSAD2.p.M
6.0864         124.9490       -1.05          
1
1	1	pickGSPH.p.C
21.1019        105.3690       -0.182         
1
1	1	pickBVV.p.C
16.3376        102.8230       -0.135         
1
1	1	pickKHON.p.C
12.7315        124.0250       -0.358         
1
2	1	pickVBN.p.M
-23.6491       133.9470       -0.683         
1
2	1	pickAS05.p.M
-8.5122        151.0740       -0.01          
1
2	1	pickLOSU.p.M
23.2191        120.4970       -0.156         
1
1	1	pickSNST.p.C
-3.2990        116.1670       -0.0           
1
1	1	pickKBKI.p.C
23.7536        121.1410       -0.0           
1
2	1	pickVWDT.p.M
7.3436         134.4740       -0.01          
1
1	1	pickPALU.p.C
23.2081        119.4290       -0.06          
1
1	1	pickVCHM.p.C
17.6006        145.8380       -0.49          
1
2	1	pickALMG.p.M
21.8516        106.7490       -0.285         
1
1	1	pickLSVB.p.C
22.8173        121.0800       -0.195         
1
2	1	pickTWGBT.p.M
-19.9551       134.4760       -0.382         
1
2	1	pickWR7.p.M
23.0393        120.2280       0.19           
1
1	1	pickTAI1.p.C
-6.5777        146.7130       -0.065         
1
1	1	pickNADZ.p.C
-8.3703        114.6200       -0.0           
1
1	1	pickNBBI.p.C
-19.9521       134.4300       -0.364         
1
2	1	pickWR5.p.M
14.0162        99.5330        -0.028         
1
1	1	pickKBR.p.C
18.3748        98.9600        -0.32          
1
2	1	pickCM11.p.M
3.3272         117.5700       -0.095         
1
2	1	pickTARAI.p.M
23.9294        117.7500       -0.0           
1
1	1	pickZPLA.p.C
23.9032        121.6020       -0.071         
1
1	1	pickENLB.p.C
-23.6471       133.9710       -0.663         
1
2	1	pickAS06.p.M
23.2483        91.4470        -0.02          
1
2	1	pickBELO.p.M
23.5054        121.3220       -0.237         
1
1	1	pickEHY.p.C
-21.6426       119.7800       -0.312         
1
1	1	pickPSAD3.p.C
16.1495        120.6800       -0.3           
1
1	1	pickSMPP.p.C
23.3507        120.5930       -0.205         
1
1	1	pickCHN4.p.C
23.6953        120.8530       -0.504         
1
2	1	pickWHYT.p.M
-4.3530        152.0520       -0.02          
1
1	1	pickKRT.p.C
-5.5590        150.1530       -0.01          
1
2	1	pickKMBE.p.M
18.2160        99.5500        -0.419         
1
2	1	pickLPT.p.M
18.4331        98.9300        -0.302         
1
2	1	pickCM07.p.M
-3.8849        138.7110       -0.0           
1
1	1	pickWAMI.p.C
-18.1084       125.6430       -0.11          
1
1	1	pickFITX.p.C
-19.9481       134.3870       -0.377         
1
2	1	pickWR3.p.M
-3.5497        118.9800       -0.097         
1
1	1	pickMJSI.p.C
-5.8438        105.7420       -0.0           
1
1	1	pickRBSI.p.C
20.5864        105.9740       -0.07          
1
1	1	pickDSV.p.C
22.0828        82.4170        -0.085         
1
1	1	pickBLPI.p.C
-1.6339        103.6420       -0.0           
1
1	1	pickJMBI.p.C
-9.6866        150.9030       -0.06          
1
2	1	pickESB.p.M
-8.0834        115.2130       -0.06          
1
1	1	pickJEHI.p.C
-17.3643       144.4850       -0.465         
1
1	1	pickSA02.p.C
-8.4598        114.9420       -0.301         
1
2	1	pickRTBI.p.M
-3.1168        152.6330       -0.01          
1
2	1	pickLHIS.p.M
-9.0878        143.2060       -0.003         
1
2	1	pickDNG.p.M
-6.5927        106.9100       -0.85          
1
1	1	pickPACI.p.C
17.9224        120.4580       -0.056         
1
1	1	pickSIPP.p.C
21.6265        105.1840       -0.07          
1
2	1	pickDHV.p.M
17.1883        100.4160       -0.114         
1
1	1	pickPHIT.p.C
23.5125        119.5720       -0.015         
1
1	1	pickPHUB.p.C
7.5349         134.5470       -0.1           
1
2	1	pickI39PW.p.M
-8.6359        116.1710       -0.108         
1
1	1	pickMTNI.p.C
-10.2955       150.4640       -0.2           
1
2	1	pickALOT.p.M
-16.6292       129.3170       -0.239         
1
1	1	pickSC03.p.C
22.4827        120.5680       -0.016         
1
2	1	pickSSPT.p.M
21.1562        106.7170       -0.0           
1
1	1	pickYTV.p.C
21.9401        120.8120       -0.09          
1
1	1	pickTWKBT.p.C
-3.7611        102.2710       -0.027         
1
2	1	pickMBSI.p.M
-21.5542       119.8610       -0.348         
1
1	1	pickPSAB2.p.C
-6.6169        147.8570       -0.007         
1
1	1	pickFINC.p.C
12.5162        102.1670       -0.022         
1
1	1	pickCHAT.p.C
23.8038        120.2230       -0.012         
1
2	1	pickWMLT.p.M
13.8985        121.8660       -0.3           
1
1	1	pickTAY.p.C
22.0516        103.1590       -1.1           
1
1	1	pickLUV.p.C
22.3500        120.3790       -0.014         
1
2	1	pickWLCH.p.M
21.1019        105.3690       -0.182         
1
2	1	pickBVV.p.M
-21.5924       119.8550       -0.309         
1
1	1	pickPSAB3.p.C
23.1840        120.5280       -0.36          
1
1	1	pickCHN1.p.C
-5.0003        122.9170       -0.028         
1
2	1	pickBTNI.p.M
23.0755        120.3650       -0.05          
1
1	1	pickCHN3.p.C
18.7327        145.6530       -0.025         
1
2	1	pickAGRI.p.M
-8.8131        148.0990       -0.303         
1
1	1	pickAGE.p.C
-19.9592       134.5410       -0.353         
1
1	1	pickWR0.p.C
-5.3486        141.2920       -0.518         
1
1	1	pickOKTD.p.C
21.5894        103.4180       -0.0           
1
1	1	pickTGV.p.C
-4.5302        154.2380       -0.01          
1
1	1	pickNIS.p.C
23.8701        121.5070       -0.028         
1
1	1	pickESF.p.C
-4.3450        152.1780       -0.365         
1
1	1	pickTKA.p.C
-21.5682       119.8220       -0.282         
1
1	1	pickPSAB1.p.C
18.1164        83.4500        -0.118         
1
2	1	pickVIZ.p.M
-8.0985        156.8420       -0.02          
1
2	1	pickGIZ.p.M
21.3341        107.3890       -0.037         
1
1	1	pickTIYB.p.C
23.2191        120.4970       -0.156         
1
2	1	pickSNST.p.M
22.7097        121.4770       -0.05          
1
1	1	pickTWH.p.C
-3.6504        102.5670       -0.611         
1
1	1	pickBGI.p.C
-5.2328        145.8000       -0.0           
1
2	1	pickMAD.p.M
23.7375        92.6900        -0.969         
1
1	1	pickAZL.p.C
-1.2604        116.8960       -0.003         
1
1	1	pickBKB2.p.C
-21.6165       119.9630       -0.4           
1
1	1	pickPSAD2.p.C
23.5969        120.6780       -0.84          
1
1	1	pickCHN5.p.C
13.4438        120.7270       -0.057         
1
2	1	pickABP.p.M
-3.6655        152.4420       -0.005         
1
1	1	pickNAMA.p.C
15.1498        145.7160       -0.1           
1
1	1	pickNMCC.p.C
-6.7347        147.0090       -0.1           
1
1	1	pickLML.p.C
-21.5622       119.9010       -0.324         
1
1	1	pickPSAC2.p.C
15.1498        145.7160       -0.1           
1
2	1	pickNMCC.p.M
-3.1380        142.3490       -0.002         
1
2	1	pickAITP.p.M
-4.1940        152.1760       -0.025         
1
1	1	pickWAN.p.C
-2.2259        113.9450       -0.07          
1
1	1	pickPLKI.p.C
-19.7913       134.3840       -0.391         
1
1	1	pickWB9.p.C
21.5471        106.3420       -0.05          
1
2	1	pickMTZV.p.M
7.8972         126.0180       -1.13          
1
1	1	pickMPP.p.C
-0.5295        117.6040       -0.179         
1
1	1	pickSGKI.p.C
23.6853        120.5620       -0.075         
1
1	1	pickWGK.p.C
-23.6963       133.9140       -0.607         
1
1	1	pickAS10.p.C
22.7529        120.3350       -0.021         
1
2	1	pickSNJT.p.M
-19.7662       134.3930       -0.392         
1
1	1	pickWB0.p.C
-23.6652       133.9700       -0.614         
1
2	1	pickAS07.p.M
-19.9250       134.3650       -0.375         
1
2	1	pickWC2.p.M
23.6953        120.8530       -0.504         
1
1	1	pickWHYT.p.C
23.8902        120.3590       -0.0           
1
1	1	pickRLNB.p.C
-4.2191        152.1930       -0.009         
1
1	1	pickSUL.p.C
10.3307        123.9060       -0.036         
1
1	1	pickCCP.p.C
-4.3329        152.0360       -0.017         
1
1	1	pickKET.p.C
-4.8040        152.8300       -0.01          
1
1	1	pickELB.p.C
-10.4494       105.6880       -0.262         
1
1	1	pickXMI.p.C
-23.6642       133.9920       -0.615         
1
2	1	pickAS17.p.M
-21.5622       119.8470       -0.265         
1
1	1	pickPSAA2.p.C
23.7536        121.1410       -0.0           
1
1	1	pickVWDT.p.C
-10.1677       123.5860       -0.052         
1
1	1	pickKUP.p.C
22.3380        103.8350       -1.15          
1
1	1	pickSPV.p.C
-4.2061        151.6680       -0.03          
1
1	1	pickETV.p.C
-19.9240       134.3390       -0.392         
1
2	1	pickWC1.p.M
11.7334        122.1150       -0.072         
1
1	1	pickPAP.p.C
22.4827        120.5680       -0.016         
1
1	1	pickSSPT.p.C
-8.3562        146.9840       -0.989         
1
2	1	pickTPN.p.M
13.1601        123.7260       -0.067         
1
2	1	pickVLH.p.M
-21.4537       119.8300       -0.26          
1
1	1	pickPSAD1.p.C
1.8383         127.7880       -0.13          
1
1	1	pickGAMI.p.C
23.1980        121.2940       -0.376         
1
1	1	pickFULB.p.C
23.8209        120.7280       -0.175         
1
1	1	pickWJS.p.C
14.0162        99.5330        -0.028         
1
2	1	pickKBR.p.M
23.1880        121.0170       -1.04          
1
1	1	pickELDTW.p.C
-4.2171        152.3980       -0.001         
1
2	1	pickDOY.p.M
-23.6652       133.9700       -0.614         
1
1	1	pickAS07.p.C
4.7084         116.4650       -0.365         
1
1	1	pickSPMM.p.C
-2.5551        120.3240       -0.111         
1
1	1	pickMSSI.p.C
-23.6782       133.9370       -0.619         
1
2	1	pickAS02.p.M
20.1331        92.8850        -0.015         
1
1	1	pickSIMRM.p.C
20.7009        116.7310       -0.038         
1
1	1	pickVDOS.p.C
-3.4883        152.1850       -0.27          
1
1	1	pickEKN.p.C
-10.2955       150.4640       -0.2           
1
1	1	pickALOT.p.C
-5.4553        148.4330       -0.024         
1
2	1	pickLAG.p.M
23.1980        121.2940       -0.376         
1
2	1	pickFULB.p.M
-19.9029       134.3590       -0.381         
1
1	1	pickWB4.p.C
-3.1380        142.3490       -0.002         
1
1	1	pickAITP.p.C
13.6681        100.6070       -0.0           
1
2	1	pickTMDB.p.M
14.1540        121.1800       -0.3           
1
1	1	pickLBPH.p.C
-10.2985       150.3770       -0.01          
1
1	1	pickALOA.p.C
-22.9428       140.1430       -0.25          
1
1	1	pickSA04.p.C
14.8621        121.1010       -0.227         
1
1	1	pickNZB.p.C
-22.2747       131.3670       -0.657         
1
1	1	pickSC08.p.C
18.4010        98.9450        -0.336         
1
2	1	pickCM05.p.M
-19.9551       134.5000       -0.4           
1
2	1	pickWR8.p.M
-5.5248        151.5080       -0.004         
1
1	1	pickPNB.p.C
-8.5021        118.3120       -0.185         
1
1	1	pickDBNI.p.C
-19.9541       134.4540       -0.382         
1
2	1	pickWR6.p.M
3.3272         117.5700       -0.095         
1
1	1	pickTARAI.p.C
22.7097        121.4770       -0.05          
1
2	1	pickTWH.p.M
-19.9572       134.5150       -0.383         
1
1	1	pickWR9.p.C
-19.9612       134.3400       -0.388         
1
2	1	pickWC4.p.M
-19.9501       134.4070       -0.374         
1
2	1	pickWR4.p.M
-5.5499        150.4670       -0.25          
1
2	1	pickDAW.p.M
15.8106        121.1070       -0.36          
1
2	1	pickPEP.p.M
22.2526        104.8990       -0.071         
1
1	1	pickVTVB.p.C
-5.8509        112.6580       -0.058         
1
1	1	pickBWJI.p.C
23.2081        119.4290       -0.06          
1
2	1	pickVCHM.p.M
21.5059        104.0320       -0.205         
1
1	1	pickMLVB.p.C
19.0484        104.8770       -0.03          
1
1	1	pickCCVB.p.C
-5.0064        151.2560       -0.01          
1
1	1	pickULA.p.C
-7.7180        109.0150       -0.046         
1
1	1	pickCLJI.p.C
-9.0848        152.7190       -0.08          
1
1	1	pickWDIS.p.C
-23.6772       133.8980       -0.608         
1
2	1	pickAS11.p.M
22.3380        103.8350       -1.15          
1
2	1	pickSPV.p.M
23.1629        120.7570       -0.64          
1
1	1	pickSTYT.p.C
22.8173        121.0800       -0.195         
1
1	1	pickTWGBT.p.C
18.4432        98.9910        -0.345         
1
2	1	pickCM09.p.M
22.9931        120.6460       -0.255         
1
1	1	pickSLGT.p.C
-4.2946        152.2160       -0.001         
1
1	1	pickRPT.p.C
2.7766         114.0350       -0.272         
1
1	1	pickBNMM.p.C
23.6682        121.4270       -0.132         
1
2	1	pickEGFH.p.M
2.0255         98.9590        -0.979         
1
1	1	pickTRSI.p.C
18.4291        99.0020        -0.341         
1
2	1	pickCM10.p.M
21.8838        105.7720       -0.051         
1
1	1	pickBCVB.p.C
-19.9521       134.4300       -0.364         
1
1	1	pickWR5.p.C
-7.1121        143.9220       -0.307         
1
1	1	pickKIAM.p.C
21.1562        106.7170       -0.0           
1
2	1	pickYTV.p.M
-4.3963        152.1550       -0.597         
1
1	1	pickEVZ.p.C
15.2142        145.7520       -0.21          
1
1	1	pickSAPN.p.C
23.3487        121.2960       -0.18          
1
1	1	pickTWF.p.C
-19.9592       134.3460       -0.422         
1
2	1	pickWB1.p.M
22.0014        121.5840       -0.04          
1
2	1	pickLYUB.p.M
18.3990        98.9790        -0.336         
1
1	1	pickCM04.p.C
22.4164        88.3090        -0.003         
1
2	1	pickHOW.p.M
-23.6642       133.9920       -0.615         
1
1	1	pickAS17.p.C
-3.4239        143.6880       -0.01          
1
1	1	pickWEK.p.C
-0.9302        134.0400       -0.07          
1
1	1	pickMWPI.p.C
20.7009        116.7310       -0.038         
1
2	1	pickVDOS.p.M
-4.2765        152.6860       -0.05          
1
1	1	pickESM.p.C
23.5758        120.5490       -0.18          
1
2	1	pickTWO.p.M
23.6883        120.5380       -0.069         
1
1	1	pickWDLH.p.C
22.6414        120.2510       -0.07          
1
2	1	pickTWM.p.M
-8.4800        119.8900       -0.123         
1
1	1	pickLBFI.p.C
20.8748        105.3590       -0.03          
1
1	1	pickKSVV.p.C
-21.6215       119.8280       -0.325         
1
1	1	pickPSAC3.p.C
-6.8998        107.6500       -0.726         
1
2	1	pickBND.p.M
18.4211        98.9070        -0.303         
1
1	1	pickCM13.p.C
-22.3963       136.2950       -0.337         
1
1	1	pickSC09.p.C
-23.2031       144.2720       -0.22          
1
1	1	pickSA05.p.C
-19.9481       134.3870       -0.377         
1
1	1	pickWR3.p.C
-23.6511       133.8940       -0.604         
1
1	1	pickAS13.p.C
-4.3067        152.0260       -0.105         
1
1	1	pickKRVT.p.C
18.6503        105.6960       -0.006         
1
1	1	pickVIVB.p.C
-19.8406       134.3790       -0.353         
1
1	1	pickWB7.p.C
4.4567         97.9700        -0.013         
1
2	1	pickLASI.p.M
18.4291        99.0020          
1
1	1	pickCM10.p.C
-23.6742       133.9200       -0.643         
1
2	1	pickAS03.p.M
-23.6491       133.9470       -0.683         
1
1	1	pickAS05.p.C
22.0385        103.1540       -1.1           
1
1	1	pickLCVN.p.C
20.8788        105.2600       -0.08          
1
1	1	pickTLV.p.C
-16.6051       133.3070       -0.262         
1
1	1	pickSC04.p.C
18.4211        98.9070        -0.303         
1
2	1	pickCM13.p.M
21.0768        106.1540       -0.05          
1
1	1	pickLNVN.p.C
22.6414        120.2620       -0.352         
1
1	1	pickWSSB.p.C
23.4833        120.2350       -0.006         
1
1	1	pickCHN7.p.C
18.4010        98.9450        -0.336         
1
1	1	pickCM05.p.C
22.4164        88.3090        -0.003         
1
1	1	pickHOW.p.C
-23.6812       133.9600       -0.594         
1
1	1	pickAS08.p.C
-19.8134       134.3810       -0.356         
1
1	1	pickWB8.p.C
-16.9661       135.7840       -0.198         
1
1	1	pickSC05.p.C
23.4914        121.4240       -0.094         
1
1	1	pickHGSD.p.C
-4.2946        152.2160       -0.001         
1
2	1	pickRPT.p.M
23.7084        121.5400       -0.005         
1
1	1	pickTEGC.p.C
18.4603        98.9830        -0.314         
1
1	1	pickCM18.p.C
16.3527        145.6560       -0.51          
1
1	1	pickANAT.p.C
18.4522        98.9240        -0.324         
1
2	1	pickCM15.p.M
-23.6511       133.9100       -0.62          
1
1	1	pickAS14.p.C
-3.6584        143.2920       -0.219         
1
2	1	pickYAN.p.M
-19.8546       134.3670       -0.396         
1
1	1	pickWB6.p.C
-19.9592       134.3460       -0.422         
1
1	1	pickWB1.p.C
22.0385        103.1550       -0.205         
1
1	1	pickMLAV.p.C
-8.5122        151.0740       -0.01          
1
1	1	pickLOSU.p.C
14.2254        120.6760       -0.124         
1
1	1	pickPAZ.p.C
-5.2328        145.8000       -0.0           
1
1	1	pickMAD.p.C
-19.9340       134.3290       -0.386         
1
1	1	pickI07AU.p.C
-3.3182        128.3950       -0.125         
1
1	1	pickKRAI.p.C
-19.3681       138.3290       -0.234         
1
1	1	pickSC07.p.C
11.7143        122.0960       -0.135         
1
2	1	pickPDP.p.M
14.3813        121.0230       -0.08          
1
2	1	pickSHMP.p.M
12.7315        124.0250       -0.358         
1
1	1	pickVBN.p.C
14.8330        120.2830       -0.023         
1
2	1	pickSBP.p.M
-19.9250       134.3650       -0.375         
1
1	1	pickWC2.p.C
-4.2292        152.1970       -0.003         
1
2	1	pickRAP.p.M
-19.9501       134.4070       -0.374         
1
1	1	pickWR4.p.C
